7.935505462037966709e+02
1.033695054131556617e+03
7.577029745760747801e+02
8.664682547571892428e+02
8.243275476857738795e+02
7.801488538972541846e+02
8.433946536382321710e+02
8.116004702580228241e+02
1.251266812525277373e+03
1.116580801016532860e+03
8.964307582228083220e+02
1.482056806064907960e+03
7.816818032165821251e+02
1.358490525197505804e+03
1.268882687237446589e+03
1.337895050824843793e+03
9.757943725736629403e+02
1.401407662171475977e+03
1.416465651211156683e+03
7.423338294254045877e+02
1.303142414715894347e+03
1.076012813469299772e+03
1.269839744197656955e+03
1.465339498872591321e+03
1.140352305405287325e+03
8.594502491925100003e+02
8.518764600533147586e+02
1.448398929628164751e+03
1.243185222013110888e+03
9.772256946107984277e+02
1.432649819812877240e+03
1.305027972811723203e+03
1.376129106650620315e+03
9.952724839171097528e+02
9.069979103729649523e+02
1.360245701000841109e+03
1.029133192828905521e+03
1.175265628048897042e+03
1.164855933382752482e+03
1.376195153931800178e+03
9.660777723163853352e+02
1.018042243906604767e+03
1.052180828405455941e+03
1.416393773733710304e+03
1.040890394491918869e+03
9.831501943152952663e+02
7.772009599215896287e+02
1.237384208404099581e+03
1.102300684938892573e+03
8.214090384343488722e+02
1.315592750718424213e+03
1.269487728991675112e+03
1.487932370386231469e+03
1.068198873416012702e+03
8.584420455003559027e+02
1.316183027090961332e+03
1.435254387766226500e+03
1.220598648797745227e+03
1.178545959180066575e+03
8.580158038209276583e+02
1.043996962844135169e+03
7.516143174135575009e+02
1.181876179367254736e+03
1.338633153560629808e+03
1.097465497082278489e+03
1.221213226171633778e+03
1.257645510052403552e+03
1.058388623705287046e+03
8.748883813716197437e+02
7.953934418007504519e+02
9.564756990114830160e+02
8.606903450409927245e+02
1.362319391305539966e+03
1.035097872936599742e+03
9.972742864031812360e+02
1.298787629603787082e+03
1.143171995520334804e+03
1.271198313389109444e+03
1.406961322172619248e+03
1.234968247535617820e+03
1.192855560658453214e+03
1.254335403317143118e+03
1.049514312510298396e+03
9.604112701440885758e+02
1.447605946543743812e+03
1.344813931400013871e+03
8.387420851716938159e+02
9.151800271403752731e+02
1.354915339786918139e+03
7.893604307186508322e+02
9.914419378562014344e+02
1.416190286302631193e+03
1.052089541227412610e+03
1.200286039445642700e+03
8.635222850269340142e+02
1.022252849303139101e+03
8.065692124333471611e+02
7.762101498542366471e+02
1.362425796330211597e+03
1.314439077433728244e+03
1.123047737470145648e+03
1.197414233858816488e+03
7.099784218032865510e+02
7.335055403322147640e+02
9.014287603245853688e+02
1.172390200528506966e+03
1.208842720399552945e+03
9.271117052422230245e+02
8.140218715734566786e+02
9.362846197472258609e+02
1.057812958752701434e+03
1.013242914511627760e+03
9.572098284047739298e+02
7.948473959621049971e+02
1.019601605669118157e+03
1.152822688327609285e+03
7.430974013529250897e+02
1.329253257433513454e+03
1.155950925922600845e+03
7.290742015098587672e+02
1.386313059785403539e+03
1.217821794056627596e+03
1.031123954519597646e+03
7.584519158882576448e+02
1.051912166348578467e+03
7.716848203167282918e+02
8.415443695215076332e+02
8.360816583186646085e+02
1.257986177448849048e+03
1.017306999441850053e+03
1.170518081405286921e+03
1.118871378002238089e+03
1.124526376107890428e+03
8.769329463526195241e+02
1.081446977987824084e+03
1.213339099344891792e+03
9.670038283276376205e+02
1.377533403558144073e+03
1.269683059611714498e+03
1.114549112802186073e+03
7.707320913297015750e+02
1.296585734119822064e+03
7.631397310890718018e+02
1.239037234665933056e+03
1.075870568030444247e+03
1.280444367501848319e+03
9.551759274858377466e+02
8.131194064407419546e+02
7.870255270424435139e+02
1.270077427397841575e+03
9.966394766768288491e+02
9.676367590066527100e+02
1.189290241816690241e+03
1.268781467404399109e+03
9.503907389874175351e+02
1.160758531368124750e+03
1.103368548459935482e+03
1.359972499468031856e+03
9.036392290469716500e+02
1.290156618558814444e+03
1.191399035189969709e+03
1.103349099383302473e+03
1.169762172259160707e+03
9.997357674423132039e+02
1.097251185348789704e+03
7.367510286674788631e+02
9.912684139856246475e+02
1.290343516340050201e+03
8.498896807732164689e+02
1.102206953781909988e+03
9.517749547830760548e+02
7.675395271249894904e+02
1.401258665855529671e+03
8.827137559416917156e+02
1.427007648782568594e+03
9.969752059982469063e+02
1.125113823452298448e+03
1.263745201867068545e+03
1.048554414028798874e+03
9.945016335201428319e+02
1.078424225198588147e+03
1.185223917245535631e+03
1.423980787053688800e+03
1.472331787022614662e+03
1.096255176939172543e+03
1.223381835002023308e+03
1.078165165432185631e+03
7.299754087523289172e+02
1.233230600627745616e+03
1.091141998649789002e+03
1.391392035817085116e+03
9.541564401983589505e+02
1.181413849701285471e+03
1.093169814640622008e+03
1.126195505145158450e+03
9.200451135258779232e+02
1.334383566257466555e+03
7.293807138588726957e+02
1.090533117985848094e+03
8.023218390190241962e+02
1.335145695438016674e+03
1.056027740578720568e+03
8.711587888235816308e+02
1.347771268670277095e+03
9.931803888639697107e+02
1.331332124323432254e+03
1.396779308792141364e+03
1.218570402302216280e+03
7.584083015883953749e+02
1.268654769966026151e+03
1.178783492046806714e+03
1.472164934779337500e+03
1.167975271157354882e+03
8.525995158432915559e+02
1.400719907089828894e+03
1.158763226897904360e+03
9.469128454075828358e+02
1.183936532151190931e+03
1.331628336201948741e+03
1.076688168231450845e+03
1.035932833843592107e+03
1.035857985859641758e+03
1.248598831053592221e+03
1.378436388105057858e+03
1.413994271668255806e+03
1.395415155732030371e+03
1.277694297469377716e+03
1.300253829442257029e+03
1.045980819458340648e+03
9.850409046323339908e+02
1.199127925687659626e+03
1.235348536357654893e+03
1.005233995678876340e+03
1.066827717794805267e+03
1.242864895446474293e+03
8.179541646166233022e+02
1.103649305298790296e+03
8.820072153886328579e+02
1.123606841759424697e+03
1.258875541268546158e+03
1.340458105329007822e+03
8.640576082829954885e+02
7.891592154750881036e+02
7.608043970209121198e+02
1.176619403952823404e+03
1.072965627966523471e+03
1.388798732650242073e+03
1.089315701728549357e+03
7.948660408282300978e+02
1.041182813435368189e+03
8.838475223957849494e+02
7.527736329576565595e+02
1.037612021584824106e+03
7.946880584001919487e+02
1.339983795481391553e+03
1.032535570681689705e+03
1.390338757262726176e+03
1.380483124260584873e+03
1.288282836346185150e+03
1.183276824088238527e+03
8.386550621913808072e+02
8.903574544974816263e+02
9.372780826391381197e+02
7.767862385268978187e+02
7.717111447099779298e+02
1.005976184808433572e+03
1.386774337169214277e+03
8.129234392422113160e+02
8.599499426974068683e+02
8.772957887012888705e+02
1.335169013746276732e+03
8.343399231758481847e+02
8.177394779917508458e+02
9.169169840124035318e+02
1.189795913070669485e+03
9.614055688519936211e+02
1.369315246647098320e+03
6.958891363665819654e+02
9.194830912376997958e+02
8.758601808222593945e+02
8.708310376812692084e+02
1.101844888451630140e+03
1.307154956384431671e+03
8.966164915163502656e+02
9.405950399949500706e+02
1.116512575433514940e+03
1.108741854134001414e+03
7.661845699905608171e+02
1.369941147009997167e+03
1.208762331146223232e+03
1.168243552699590737e+03
8.353384234857890078e+02
8.028068604906632117e+02
1.034383155377127196e+03
1.284950182884957485e+03
9.612456412211919314e+02
7.962151393912542972e+02
1.373773016697772391e+03
1.350918494626316033e+03
1.379302554915950168e+03
1.065508667038929389e+03
1.203388398307617763e+03
7.970686644421452911e+02
1.262281288135903196e+03
1.198570090508628027e+03
7.398137479129883332e+02
1.300975516400702645e+03
1.310194598126371829e+03
9.695658896853931310e+02
1.052189583001685151e+03
1.204387798397356391e+03
7.872685923004320330e+02
7.336139522736331173e+02
1.117594367561074023e+03
6.821684785134353888e+02
1.179257067372639312e+03
1.095302923919543673e+03
9.482224440841297337e+02
1.382605771954978536e+03
1.366309727849527007e+03
1.283994779675735799e+03
8.352808009525607531e+02
1.083215017980790208e+03
9.292539389920161739e+02
7.471382802897164765e+02
1.183271949062301019e+03
1.221449901290082153e+03
9.247907922264898843e+02
9.357087052988891855e+02
1.160895600875152240e+03
8.969042593709020821e+02
1.274173236235592867e+03
1.333068629867621212e+03
8.168485406470655334e+02
1.343956643892247939e+03
8.290420770671539685e+02
8.881021805957847164e+02
1.001683890463656780e+03
1.242673352120056961e+03
8.981165399513004104e+02
1.327056893602880336e+03
7.791298868085272034e+02
1.011825383676909269e+03
9.657081338136564455e+02
1.070510109564495906e+03
9.318932172196816737e+02
8.436463846067373424e+02
7.425443303405871802e+02
1.146028754536698898e+03
1.297742340507857762e+03
1.374736723016529822e+03
1.258756688249909530e+03
7.980680144885844811e+02
1.100480122171810763e+03
9.354862020158864198e+02
1.327308523332114873e+03
1.249470493808956917e+03
1.086340174654232442e+03
1.149003163003080545e+03
1.318475461126571190e+03
1.348263809626121656e+03
1.246098222902409589e+03
9.089774776527890481e+02
9.684895623614332862e+02
1.107015819571726524e+03
1.185685274886842990e+03
1.443785544424138152e+03
7.766432961974896898e+02
1.479192566357688293e+03
1.251039923241347651e+03
9.352455663918127584e+02
8.013079973932557323e+02
1.250096693798860770e+03
1.290651371717109896e+03
1.356957688367119545e+03
7.611131239425981221e+02
1.024451263181958893e+03
1.138159164588799285e+03
7.914261418232962342e+02
1.047019488554300096e+03
1.324847728471727351e+03
7.711369815969627552e+02
9.390082088477297475e+02
1.025007515280894040e+03
1.483741354747819969e+03
1.058925487843249130e+03
7.815580317898273961e+02
1.368038374891913691e+03
8.489411920181282767e+02
1.139231923631751670e+03
1.228714670134409062e+03
1.275443686222683255e+03
1.107453590782457923e+03
1.353675418523345343e+03
8.625142542243677326e+02
8.800069610224508097e+02
1.111222788084225385e+03
8.727561321329850443e+02
9.049168578135416965e+02
9.722273205961123494e+02
1.165986304578622594e+03
9.693194183085771556e+02
1.212586521304858479e+03
1.247241229662206933e+03
7.926699209153200627e+02
6.899155297374371685e+02
1.366414374194443099e+03
1.306176221068656105e+03
8.938292946153018192e+02
1.307432509939048941e+03
8.615827170890928528e+02
1.364745144386181437e+03
8.219340298528267112e+02
9.087295376219151422e+02
1.350610850063759699e+03
1.223839881762806954e+03
1.236687165681468514e+03
9.512129383125663935e+02
8.524051827524050395e+02
1.093706187314401859e+03
7.933060940472008724e+02
1.007605158588692234e+03
7.598921152158571886e+02
8.784711417481685203e+02
1.216367592860309287e+03
9.455308597172854661e+02
8.380165073059948782e+02
1.108765790483801311e+03
1.136439341344744889e+03
1.388404219159062677e+03
9.168786187756965091e+02
9.145940453816116360e+02
8.394244653711048159e+02
1.093403708162608837e+03
9.479374229934652476e+02
1.174687325426266398e+03
1.027760676523612801e+03
9.577218673795686072e+02
1.217001857736943066e+03
1.053771651430094607e+03
1.414064470211522348e+03
1.010088353354951096e+03
9.460910341242600907e+02
1.028971639849785788e+03
1.160813828098342128e+03
8.674709369370191325e+02
8.721145709911659196e+02
8.076237363865805037e+02
1.474874984826610898e+03
1.469120549741740660e+03
7.885661902921734736e+02
8.808714800484477792e+02
1.474139513016963747e+03
1.315870549510481624e+03
9.757652792027942041e+02
1.248143551019876668e+03
1.147360071161376936e+03
1.045997225042629452e+03
1.153223795341500136e+03
7.287977976430363469e+02
8.070417829937317720e+02
1.194689714239318391e+03
7.179426133543105379e+02
1.197792110213981232e+03
1.297694962559227179e+03
1.096907621676325789e+03
1.013628662016416456e+03
8.335505239898002401e+02
7.868809761671335536e+02
8.083153874307732849e+02
9.174362925852798298e+02
1.172382143118261865e+03
9.422083288074372831e+02
1.080157936911964725e+03
7.085279580468499034e+02
1.326570553515775828e+03
1.180897255054344669e+03
8.908849405264029429e+02
1.061233772566103198e+03
9.774776366861239012e+02
9.532777738000072532e+02
1.132139393719386817e+03
1.395221966219924298e+03
1.154944003992938406e+03
9.701475118011526320e+02
9.592926736270287620e+02
1.268834420231532704e+03
6.751631082484550461e+02
1.188442475763637958e+03
1.302086510557116753e+03
1.336788420590777832e+03
1.408879698577023419e+03
7.345077162165758864e+02
1.204860185338002793e+03
1.101801642327472109e+03
1.251081134862367662e+03
7.603519739525327168e+02
9.196358265219581654e+02
9.433267390773791021e+02
8.520482485389746898e+02
1.135798716679543759e+03
9.515614397038605148e+02
1.407116435323114047e+03
1.430138784647017928e+03
9.692777491360781141e+02
1.446426019252508468e+03
1.230214402957998800e+03
8.749505505279387307e+02
7.313988577270501992e+02
9.454600446043166357e+02
1.365602212067033861e+03
1.258318221664531166e+03
1.293328946854516289e+03
1.054927348651045577e+03
8.292963717487681379e+02
8.683341497910116686e+02
1.087875636675876422e+03
1.321577303786001039e+03
1.256164334813013966e+03
9.880963107687650790e+02
7.754776330103538839e+02
1.320495936176454961e+03
1.144604056423946076e+03
1.225439074981972226e+03
1.138101834221511808e+03
9.739343284056269567e+02
1.010408470913194947e+03
8.913798539330397261e+02
8.706169280862035293e+02
1.391201591307327135e+03
9.694352434973885693e+02
7.584262745739229103e+02
1.076484812364853951e+03
7.687489314767250335e+02
1.052425387665575045e+03
1.345375953610819579e+03
9.327856930898043402e+02
1.230124260624778344e+03
1.321919054034775627e+03
1.391523096643777762e+03
8.472649071860311096e+02
1.332105030671313443e+03
1.202191759213537580e+03
8.516885484317095916e+02
7.467497869932209369e+02
1.214686605933216924e+03
9.184415310181313998e+02
1.107223448855099605e+03
7.398616821787636582e+02
1.085205076963318561e+03
1.339047566132022439e+03
1.151377717772652204e+03
1.285730564351213616e+03
8.137000848937002502e+02
1.172785158805826768e+03
1.074592717063318332e+03
8.031940938828553271e+02
1.252863639744984312e+03
7.945749805125939247e+02
1.145390614211919228e+03
1.323243814301613384e+03
8.207287424424637265e+02
1.247243899928280825e+03
1.005875198040723717e+03
9.988103786621829840e+02
8.255459891689106371e+02
1.057435814461904783e+03
1.277123581724867790e+03
1.192753129449617518e+03
1.173637175808046550e+03
7.027892160154503927e+02
1.308795175717543088e+03
9.257474903435344231e+02
7.945433094567696344e+02
1.190780509981614841e+03
7.294508774639222111e+02
1.106615009209936488e+03
1.402964790034827729e+03
9.906721861829468025e+02
8.714078039186089200e+02
1.030686272812774178e+03
1.026757032842231638e+03
1.385668253362065343e+03
8.510390675275998547e+02
7.724197657571641003e+02
