1.119140446695827684e+00
1.120629014641957300e+00
1.129012312371240556e+00
1.119216130867514591e+00
1.118759954953766567e+00
1.119488747545202667e+00
1.120366082382413087e+00
1.119129510666609262e+00
1.119019323765296781e+00
1.118682489988910733e+00
1.118709738671594067e+00
1.130849994079976550e+00
1.119391496827295995e+00
1.130404538250121549e+00
1.119309879524041040e+00
1.131053767831866841e+00
1.127873444999488939e+00
1.120249913757637383e+00
1.118527032658790388e+00
1.118560849213579012e+00
1.118938172080262472e+00
1.118882872140420259e+00
1.120498382259526471e+00
1.118808995456183064e+00
1.123218287948874794e+00
1.119436300830291220e+00
1.119211411847846227e+00
1.118903048841422443e+00
1.119722072650016109e+00
1.119377874553523222e+00
1.118906410422868092e+00
1.119129894553570148e+00
1.129783438617808500e+00
1.130514458057390037e+00
1.131267873512550093e+00
1.119303222466959680e+00
1.132094103260005369e+00
1.130399167984176723e+00
1.119034008957480175e+00
1.118321719173436035e+00
1.119405784695851835e+00
1.130834975362531525e+00
1.118272019098164760e+00
1.117947396397732662e+00
1.130013223736802574e+00
1.131697013219043146e+00
1.118406115011972179e+00
1.120401767749913402e+00
1.118942721843569243e+00
1.120040456494229897e+00
1.118908498768562243e+00
1.118648142856149885e+00
1.117857585939216802e+00
1.118879119325240534e+00
1.117351718135728422e+00
1.133619630423683189e+00
1.119161199028376963e+00
1.119647786858727789e+00
1.129807641502840854e+00
1.130128526200415040e+00
1.130221779048573794e+00
1.129788143313231075e+00
1.117451817447845608e+00
1.127202056944176523e+00
1.130210211840420254e+00
1.129993430501051943e+00
1.130429714781255424e+00
1.119092701211774177e+00
1.130076596033554148e+00
1.131856222167304749e+00
1.130547099048382798e+00
1.120629264178996110e+00
1.132851770975317862e+00
1.130893333624119146e+00
1.119888206762942984e+00
1.121086605492499055e+00
1.130670680691243657e+00
1.129994926826220158e+00
1.130653077744931512e+00
1.130474725292801574e+00
1.129980996290009587e+00
1.129651960510669406e+00
1.117799537900176610e+00
1.130402827342919192e+00
1.130695688144119027e+00
1.130886049832838136e+00
1.130755504005798828e+00
1.130685884999072188e+00
1.129576629659249765e+00
1.130530587503184581e+00
1.121484067743892421e+00
1.130642689954622027e+00
1.130549595485809133e+00
1.130670677969315197e+00
1.130498378607347476e+00
1.118985122049877878e+00
1.130517007935990081e+00
1.119370737699764806e+00
1.119184679689172901e+00
1.118873703427216926e+00
1.133798084054434385e+00
1.133035951204695690e+00
1.133842289091244515e+00
1.119094256599111548e+00
1.118434784243942604e+00
1.121014296640806318e+00
1.125881357878317557e+00
1.133410349845968446e+00
1.131849602387280163e+00
1.118556795772881696e+00
1.119013718734517715e+00
1.119999335094826742e+00
1.131584590089648623e+00
1.118887858399676638e+00
1.130836414481736663e+00
1.118095715261071987e+00
1.120116085618926061e+00
1.131080275862720530e+00
1.120680075949432641e+00
1.132886273977073532e+00
1.120578284340794317e+00
1.130567321267999414e+00
1.127996457960751542e+00
1.130780505042966011e+00
1.119800115570037891e+00
1.130790287643815395e+00
1.119557118648462080e+00
1.119412200884940090e+00
1.130257462439125060e+00
1.118056066292564044e+00
1.119337728297273182e+00
1.120121341112571001e+00
1.119309048132946627e+00
1.122164500878405358e+00
1.118842015731103423e+00
1.121752237495939664e+00
1.130349906667405424e+00
1.118573371165576535e+00
1.118593278928909029e+00
1.118496497592555317e+00
1.118731404811240449e+00
1.127072880899037344e+00
1.118359446545668323e+00
1.125978631993105994e+00
1.130384170540160493e+00
1.130643044954136478e+00
1.130627519682795734e+00
1.130967426852967028e+00
1.120347886336512389e+00
1.118456081600091245e+00
1.118876522476607294e+00
1.130470739859009255e+00
1.133067616802896138e+00
1.129871566369828662e+00
1.129975314261147057e+00
1.130045247026115529e+00
1.130941333450368180e+00
1.131004643729275783e+00
1.131172860600247576e+00
1.119644097223742030e+00
1.130870182251472400e+00
1.128173646178262102e+00
1.129303285304897209e+00
1.118670094852313612e+00
1.130206046617769911e+00
1.130397653815523595e+00
1.118937651069342509e+00
1.119135537387457191e+00
1.130695458293423883e+00
1.130101288419781191e+00
1.119077648136356018e+00
1.130529785390950837e+00
1.130437387293061313e+00
1.131172425425923445e+00
1.119524785003209955e+00
1.119355658240748452e+00
1.119598531200778346e+00
1.131242693582539705e+00
1.119399021360889090e+00
1.130181453530137770e+00
1.119526360698729572e+00
1.119554498960256828e+00
1.119361534554859539e+00
1.130509935413372524e+00
1.130397690737462435e+00
1.119063272883242366e+00
1.119272052150385610e+00
1.118879317342266644e+00
1.130808887946621821e+00
1.130677767704167724e+00
1.130721622681473804e+00
1.120547615091914473e+00
1.130820112619436602e+00
1.119072269213997606e+00
1.130235557818491277e+00
1.130099861133349037e+00
1.128698732071300670e+00
1.120718048055370897e+00
1.129707529294502466e+00
1.119311842911805632e+00
1.118578066428802753e+00
1.118697642319289809e+00
1.118771029386685711e+00
1.118535182061764166e+00
1.118583737258712629e+00
1.118716127259904658e+00
1.118736171264430812e+00
1.118794034012888128e+00
1.118615971517071372e+00
1.118267366040408772e+00
1.129186347534302248e+00
1.118908691366845787e+00
1.119210674594947719e+00
1.118581344941660838e+00
1.118493475745295562e+00
1.118461438860752777e+00
1.130429400660657446e+00
1.130053695964008176e+00
1.130542366813725108e+00
1.129372957913429953e+00
1.132507205086059399e+00
1.118714276576536326e+00
1.119995526739875791e+00
1.131388028682544622e+00
1.130581194593817562e+00
1.119305391283528905e+00
1.119513146579263818e+00
1.118979301996832820e+00
1.118853178538201210e+00
1.118432671124039990e+00
1.118324180480979813e+00
1.131094374861733254e+00
1.131073314916088091e+00
1.131032257734508439e+00
1.131423305525534495e+00
1.131389473823939174e+00
1.119239930975220343e+00
1.131877982180634401e+00
1.118908851695351814e+00
1.118849842171321995e+00
1.118944930572652652e+00
1.118967460260116065e+00
1.119318581576878024e+00
1.119689142460007725e+00
1.119329938407627179e+00
1.118901517055195027e+00
1.130978267024940420e+00
1.130992540683096959e+00
1.118963132186411302e+00
1.131867749850182348e+00
1.132066031962273289e+00
1.130043063319372099e+00
1.120095291760972556e+00
1.131395672117091689e+00
1.118802351879324197e+00
1.118993976803321466e+00
1.118976587939055412e+00
1.118924765225472351e+00
1.129180981915875126e+00
1.119104688915472545e+00
1.120088109570387402e+00
1.130011979026192437e+00
1.118843447945547576e+00
1.118975948135375154e+00
1.119612328426316195e+00
1.118931648649196919e+00
1.118867272870897267e+00
1.120134437336829381e+00
1.119794746191228096e+00
1.118877201675103628e+00
1.118956175374040019e+00
1.118818669536218779e+00
1.118813654359145815e+00
1.130341819678922555e+00
1.119239974002169458e+00
1.129710265475429187e+00
1.123438656442491190e+00
1.118149928610390420e+00
1.119792228449215443e+00
1.117145727567876001e+00
1.119035054733495071e+00
1.130644941978512508e+00
1.130730900293233754e+00
1.130695228894723625e+00
1.118203617785921589e+00
1.124004441093537476e+00
1.131847018596912280e+00
1.117628955554989201e+00
1.130085301961584632e+00
1.131134134094541999e+00
1.131212227846103202e+00
1.117961698112778457e+00
1.118308223987756866e+00
1.131456679078468586e+00
1.117320338200292307e+00
1.119879646240327986e+00
1.119016623209299732e+00
1.119074939074273800e+00
1.128691656996939408e+00
1.131346641517420482e+00
1.119124833754136183e+00
1.117327747573079844e+00
1.131010000127077531e+00
1.128630361023508000e+00
1.118988635742790505e+00
1.121363807961563985e+00
1.116617915535010885e+00
1.119401641971111028e+00
1.130048364825117169e+00
1.118340567871470181e+00
1.131342510810283253e+00
1.118989327983222815e+00
1.118453084609294601e+00
1.121625123947162184e+00
1.131594009211029928e+00
1.118515322586218330e+00
1.117977570308076096e+00
1.119094789784665034e+00
1.119228956892173388e+00
1.123640708725479609e+00
1.119105537414675666e+00
1.119097796064801420e+00
1.131543728855621156e+00
1.130916231917588943e+00
1.117249924469623901e+00
1.117802449448794366e+00
1.116053898270680245e+00
1.118907848685575690e+00
1.119012768562251292e+00
1.121692229038691480e+00
1.116607978204612106e+00
1.117339954454767303e+00
1.120048278943964748e+00
1.126098943246331974e+00
1.118704316260494602e+00
1.118566371172992957e+00
1.122866158387563651e+00
1.119358808147932205e+00
1.117523896900631586e+00
1.119430789200552390e+00
1.118690061311040873e+00
1.119508620058676129e+00
1.118645064581835769e+00
1.118604611528903003e+00
1.117881906780985757e+00
1.130663128335008150e+00
1.130729719193349636e+00
1.125323388824677195e+00
1.128014007702583754e+00
1.118758172759068747e+00
1.118766110393399238e+00
1.118870422253837482e+00
1.118745315331389767e+00
1.119585304722111152e+00
1.118623728405116591e+00
1.133146187172020758e+00
1.133389774136619454e+00
1.118528691266074793e+00
1.118729189895868892e+00
1.118892921122411455e+00
1.130875516771677747e+00
1.131588059836055038e+00
1.118277122706931470e+00
1.118326751493130544e+00
1.130594971778579483e+00
1.130429706266627310e+00
1.130384960717420340e+00
1.130554556023033230e+00
1.130468155771914285e+00
1.130642953207616541e+00
1.130444395986974326e+00
1.130505586674082519e+00
1.130571323819533402e+00
1.119800302465051800e+00
1.119782600994963850e+00
1.119472791160467384e+00
1.119660218146704356e+00
1.121288337738530538e+00
1.130604265390960705e+00
1.130601451961422699e+00
1.130508008196259961e+00
1.130518299064113608e+00
1.130476337767255535e+00
1.129817446218750465e+00
1.119548538894811873e+00
1.119369575549196583e+00
1.119619421493916134e+00
1.119421402351339800e+00
1.119527909097460583e+00
1.118837573391019413e+00
1.118933462537665013e+00
1.118977978664824180e+00
1.119447935934859917e+00
1.119072124328551077e+00
1.119198665490197975e+00
1.119145653372765725e+00
1.119132282917051135e+00
1.130822672492047154e+00
1.130738302998115064e+00
1.130773712374768758e+00
1.130806789632135878e+00
1.118999856094245127e+00
1.118942486147126880e+00
1.118894648019846061e+00
1.129246822810196837e+00
1.129050090726523958e+00
1.130797735354958533e+00
1.118452020599933983e+00
1.118424328317864092e+00
1.119040649158899337e+00
1.118934288205822636e+00
1.129137816270467720e+00
1.132977007765402888e+00
1.129756022163290963e+00
1.116515118235065662e+00
1.120291188074641564e+00
1.129813465371849013e+00
1.133023203325245865e+00
1.129375830720432905e+00
1.129564129086393587e+00
1.129836282940853032e+00
1.119243023026442740e+00
1.119750767163560035e+00
1.119942653750085171e+00
1.120550649675494448e+00
1.120563176299632868e+00
1.119998287380231217e+00
1.117751188748821844e+00
1.117525226736993949e+00
1.118054625403992697e+00
1.130139983745479748e+00
1.117756717457325966e+00
1.117846276454658838e+00
1.120495494386499535e+00
1.121325376003649454e+00
1.121195604281721270e+00
1.119250766637525762e+00
1.120102394681576907e+00
1.119265390056254361e+00
1.130272671272415819e+00
1.119315118086870564e+00
1.130401519259768728e+00
1.117899954169470078e+00
1.119139970651407578e+00
1.119129147986894113e+00
1.119140704250029872e+00
1.119044039453898298e+00
1.117793939121046520e+00
1.130393563268251800e+00
1.131380673338025833e+00
1.130765622537914572e+00
1.118682185439150878e+00
1.118426912405198648e+00
1.130368212001123807e+00
1.130378880840807287e+00
1.130046767894556936e+00
1.130100463391074728e+00
1.130164292718325303e+00
1.130055873391567545e+00
1.118618910828522495e+00
1.119570609173539344e+00
1.130302794974820113e+00
1.130198581883542719e+00
1.118907393255870852e+00
1.130618825084598100e+00
1.130435123109176709e+00
1.123143045051543831e+00
1.116946601635322889e+00
1.127682999499845407e+00
1.118216955884368868e+00
1.131471759932189958e+00
1.132068784350714896e+00
1.131882185218120451e+00
1.116413451925349909e+00
1.132629406679129369e+00
1.116074699798468961e+00
1.133252658535969903e+00
1.127924479856709183e+00
1.131620145195941562e+00
1.117718370727387001e+00
1.131450748429855269e+00
1.128178835672845715e+00
1.130353691832116647e+00
1.130027434463081626e+00
1.129595960312483216e+00
1.130035217792969560e+00
1.130768681121888886e+00
1.130052251510462957e+00
1.129379083942089856e+00
1.128789677218460241e+00
1.129431882636578788e+00
1.129263142445696477e+00
1.129340031162370250e+00
1.130452623212440999e+00
1.119066636225981792e+00
1.118997723835139846e+00
1.120754472745568275e+00
1.118968326911562006e+00
1.119100166397835938e+00
1.129889705609720796e+00
1.130987447701717663e+00
1.130616784966515853e+00
1.129816957274459188e+00
1.130288515306830943e+00
1.117982967521881754e+00
1.130307758816341934e+00
1.119389546218044096e+00
1.130154462806650439e+00
1.130041037636946299e+00
1.119373834701865134e+00
1.120782646579757236e+00
1.130192663001299502e+00
1.119334374643993213e+00
1.119344046195347886e+00
1.119356904949384557e+00
1.130624050335000685e+00
1.130531537372490680e+00
1.130462445996626597e+00
1.130534392037897184e+00
1.130633309164111644e+00
1.130702646352553353e+00
1.130088454766737138e+00
1.130038101918977356e+00
1.130203303407327553e+00
1.130079585193408453e+00
1.129678861180115401e+00
1.130604000575232027e+00
1.129934172130665715e+00
1.130255454058828990e+00
1.130713670200563792e+00
1.130064225295449587e+00
1.118983228773510863e+00
1.118940246603432165e+00
1.129914945707580110e+00
1.129900714409620921e+00
1.130083348282105105e+00
1.129703031861058582e+00
1.128842520893631463e+00
1.119118446130484612e+00
1.129681960153140929e+00
1.120272276106648146e+00
1.115930015415013576e+00
1.116813029659099454e+00
1.129969275267753037e+00
1.129463262658174427e+00
1.130171988902711311e+00
1.130284024714883317e+00
1.119498379062791260e+00
1.119615570895742263e+00
1.128739593202447766e+00
1.117844866465441678e+00
1.119721058759693966e+00
1.119572324743148162e+00
1.129482283062231307e+00
1.129102005898382277e+00
1.129614512715237273e+00
1.118650115189438354e+00
1.118806794935797821e+00
1.130686588792393366e+00
1.130864737556268373e+00
1.119537030032070168e+00
1.117380329402801742e+00
1.130017523825074255e+00
1.130702377657324398e+00
1.119083113977650479e+00
1.119146415439995046e+00
1.123848983789467182e+00
1.118534737235349352e+00
1.118803761908418792e+00
1.117956722542818193e+00
1.118697207337825850e+00
1.118222843495160657e+00
1.119319459237192671e+00
1.117558078192009363e+00
1.117785259858186109e+00
1.128534172080339237e+00
1.119444779518888655e+00
1.129063508686846795e+00
1.119027622079981077e+00
1.117092847773722308e+00
1.124300901604108782e+00
1.129378996366292576e+00
1.117377266175032746e+00
1.133010530003730088e+00
1.128591884501452203e+00
1.116747055233307861e+00
1.116677791494556926e+00
1.117170819358498823e+00
1.116861862595087018e+00
1.119769144694283014e+00
1.119450208476486575e+00
1.118405332720310064e+00
1.129625786042318447e+00
1.129756349694259088e+00
1.118766481696249260e+00
1.122559445411934753e+00
1.125632606122770385e+00
1.126283791835448245e+00
1.119291995104297666e+00
1.119260582640368318e+00
1.119183624263459853e+00
1.118607637271952671e+00
1.116442112590482205e+00
1.118882128422489908e+00
1.118603194506654352e+00
1.118796785927228088e+00
1.118657211808609997e+00
1.118737142189821787e+00
1.118657308491786795e+00
1.130867208943820978e+00
1.130844547331656846e+00
1.118602265652574923e+00
1.120882147784859173e+00
1.120717382603456214e+00
1.131779605095505570e+00
1.131401387141342862e+00
1.120881299927416697e+00
1.131894248093715749e+00
1.120740468003365242e+00
1.131251803068510142e+00
1.120897729198780945e+00
1.118496609145255949e+00
1.131249459924439593e+00
1.131322678168780183e+00
1.131150416193916985e+00
1.118450171836720575e+00
1.131235649357493322e+00
1.131270794898466825e+00
1.121653395384591301e+00
1.118916121113984419e+00
1.118427206777809602e+00
1.130946351741392464e+00
1.130883981426446416e+00
1.119363839422442330e+00
1.131039540895371065e+00
1.117429706624829322e+00
1.119446634824784903e+00
1.130850456373203139e+00
1.130784899628615392e+00
1.131016074526611792e+00
1.130896506252397904e+00
1.130981594857561223e+00
1.130949486765007839e+00
1.117767597791211154e+00
1.129942014581392096e+00
1.119073902456009684e+00
1.117836919127722872e+00
1.117734673748084440e+00
1.118220025074742274e+00
1.118197321084064555e+00
1.119292972558732391e+00
1.118901999483330689e+00
1.127894094944903003e+00
1.121666965202789301e+00
1.124610432740252186e+00
1.121292610155392833e+00
1.118857592765449382e+00
1.118224470410716265e+00
1.118879834398979201e+00
1.130959205336414364e+00
1.118199813654002783e+00
1.130530182996393629e+00
1.130572721910029887e+00
1.119492870115425642e+00
1.131047152604578221e+00
1.131043967373611459e+00
1.131035203574582981e+00
1.119757406910902642e+00
1.119875052791943659e+00
1.130761034370834306e+00
1.119366122623051796e+00
1.121790447509998456e+00
1.118266803445891355e+00
1.117071659374119452e+00
1.116651155120164773e+00
1.118897737279811011e+00
1.130861106337964994e+00
1.119019887009180536e+00
1.130097241777411998e+00
1.117678253744968986e+00
1.119076944705515553e+00
1.129547141178377734e+00
1.117525488703926984e+00
1.118037772912452210e+00
1.118731859953173480e+00
1.117731749848037248e+00
1.118905756056149503e+00
1.118245601922093879e+00
1.129635252643968357e+00
1.118790838841395852e+00
1.118832795759618470e+00
1.118919163701061814e+00
1.118740110245777908e+00
1.117999452987038067e+00
1.118203155399599025e+00
1.123498663772253714e+00
1.118071154511257381e+00
1.118752676269347379e+00
1.117869735196944880e+00
1.120492243896612061e+00
1.130680686849141248e+00
1.117988959057085951e+00
1.126597942586189172e+00
1.130092763584582993e+00
1.129349716145283011e+00
1.126869228290580782e+00
1.122013188780444315e+00
1.130127726812366173e+00
1.129656710457539015e+00
1.130608458973016761e+00
1.122002317322748688e+00
1.121803747539031892e+00
1.130613446842046566e+00
1.117497531029262969e+00
1.118405485905910712e+00
1.130434216767316036e+00
1.131145505686823149e+00
1.117175107334699380e+00
1.118394784927363661e+00
1.119277497315879444e+00
1.129819518330922756e+00
1.127563435348200915e+00
1.127536804012510663e+00
1.129602081192838225e+00
1.130713159430164039e+00
1.130660250251697363e+00
1.119052121404587874e+00
1.128234758273505500e+00
1.129109766606284371e+00
1.118500622432958114e+00
1.117227272091719792e+00
1.118723557149571057e+00
1.118693524607908607e+00
1.133656731280399121e+00
1.117075891936206489e+00
1.117637707422881821e+00
1.128983063421398647e+00
1.126419923154460934e+00
1.120244798055181734e+00
1.127171377738875213e+00
1.129559094172017275e+00
1.119453002752738513e+00
1.119586739153693777e+00
1.119568441380671908e+00
1.129318966924325540e+00
1.121105237001147614e+00
1.119963048360429259e+00
1.129420521232344266e+00
1.122513288399654696e+00
1.121082845364171021e+00
1.131829861830172534e+00
1.119031474994715225e+00
1.118873680329881548e+00
1.118616336613914353e+00
1.118608108388455591e+00
1.130615533865996447e+00
1.131531745754261964e+00
1.130914996663864747e+00
1.130669222230936910e+00
1.130871691282835823e+00
1.131056925820712378e+00
1.129846561596351995e+00
1.130572517410942002e+00
1.130371883614653239e+00
1.130020449196913024e+00
1.118535401636365112e+00
1.122813532795021718e+00
1.120178088850685594e+00
1.120413373789233002e+00
1.120945472203735527e+00
1.120188685861256861e+00
1.119848031917420439e+00
1.119812200083076581e+00
1.118509058017653546e+00
1.123057580645480780e+00
1.117811789590616334e+00
1.121117448709914033e+00
1.118825885065170223e+00
1.125723824671556850e+00
1.119332609242713161e+00
1.119390955247964170e+00
1.122538759755270732e+00
1.119329888901050785e+00
1.119456465539453882e+00
1.120258213587150609e+00
1.129923570773340380e+00
1.130025776875420496e+00
1.129923171658065106e+00
1.129356562877683601e+00
1.129326002070041746e+00
1.129606069008681324e+00
1.121038323231206002e+00
1.122376595287902790e+00
1.132594466816177370e+00
1.118641161237232007e+00
1.129349134963197665e+00
1.116491165404884800e+00
1.123535481096126665e+00
1.119129198455650398e+00
1.122120070363921585e+00
1.119095943715574748e+00
1.119105130611911525e+00
1.119122915379901606e+00
1.118759183804187485e+00
1.118815998409964374e+00
1.124323803720972625e+00
1.130451238436670947e+00
1.129298674159017857e+00
1.129458431588486134e+00
1.129432283596836006e+00
1.130349227362922093e+00
1.119351329772170445e+00
1.119396772725544276e+00
1.119411491614572762e+00
1.119536187619413203e+00
1.119745878019644758e+00
1.119678803668944678e+00
1.119071497603807641e+00
1.122662916648461184e+00
1.118869292104302415e+00
1.119091556142123078e+00
1.119217224657298448e+00
1.119147197235299540e+00
1.130577823639271617e+00
1.119190825305693693e+00
1.130793813796828307e+00
1.133026602997308396e+00
1.130791406989304804e+00
1.122483243447561563e+00
1.121404843931270490e+00
1.129565677778523236e+00
1.129651682232937215e+00
1.118950945368497818e+00
1.128780570908647585e+00
1.128072184154236046e+00
1.130989846593741133e+00
1.131082174700103193e+00
1.131175007212920525e+00
1.118906497546587886e+00
1.118580094837002825e+00
1.130982186936676959e+00
1.131052509357423297e+00
1.132340372921868843e+00
1.130969938300728117e+00
1.131063198733508024e+00
1.130830287237937659e+00
1.118503515227541989e+00
1.130741891171969993e+00
1.118479942511943603e+00
1.118584738152855307e+00
1.129648974140012418e+00
1.129803010477814951e+00
1.118268512148887783e+00
1.118361241946052242e+00
1.133143028902797056e+00
1.123710798208536144e+00
1.130095673779482501e+00
1.119315809312299015e+00
1.121760922437286423e+00
1.119396539297815130e+00
1.131328347672710954e+00
1.131278027260092633e+00
1.130969017025219570e+00
1.129587443128041269e+00
1.130879632349632402e+00
1.130931442456045488e+00
1.130662225946825306e+00
1.130918769794801992e+00
1.130609970902327177e+00
1.118776643956828742e+00
1.118735932990170934e+00
1.119032780271611349e+00
1.118721403523094349e+00
1.118664590769796963e+00
1.118674585966814128e+00
1.129798644915434913e+00
1.129817117954829309e+00
1.119055516069962453e+00
1.119133654134840450e+00
1.119207458748203043e+00
1.119153097626085502e+00
1.119234471112526164e+00
1.119208655292942778e+00
1.116655902004167533e+00
1.132939271380292379e+00
1.133164500359384652e+00
1.118746134904210932e+00
1.118644123639741306e+00
1.118401929058189248e+00
1.118392259513944609e+00
1.118514712493460017e+00
1.118266558130313504e+00
1.118998160678888576e+00
1.118986455476408182e+00
1.118967245995974524e+00
1.118959572537007841e+00
1.119018982306164256e+00
1.119105505867118211e+00
1.130363676630251835e+00
1.130299972327528435e+00
1.130478316300613795e+00
1.130301286091026647e+00
1.130591588052054064e+00
1.119422450473120279e+00
1.116377096321753415e+00
1.130894082329253703e+00
1.130828592893906359e+00
1.131090909458604354e+00
1.131141384777954784e+00
1.131204143382154026e+00
1.131239086660758453e+00
1.119687618344438418e+00
1.118573641051870737e+00
1.118706209385333050e+00
1.118616412717475139e+00
1.118623115641234067e+00
1.118963761318759076e+00
1.118568532235212132e+00
1.118980052942736725e+00
1.118536710571802928e+00
1.120184151461800059e+00
1.118838575175425731e+00
1.119156014825678946e+00
1.119910994790833891e+00
1.120727674303267252e+00
1.120357089981121712e+00
1.120056237322736736e+00
1.120748214089467121e+00
1.118500708649375452e+00
1.118906247267864140e+00
1.118985647974529707e+00
1.119590258618612166e+00
1.119011834478855993e+00
1.119203169190986502e+00
1.119344752427234635e+00
1.119060417405016494e+00
1.133969115591970223e+00
1.118856182744952799e+00
1.118233156042555576e+00
1.117994740979641133e+00
1.117912332582791768e+00
1.119598882518983540e+00
1.119794474144673480e+00
1.118903710498478699e+00
1.118434475531677519e+00
1.118555996029773958e+00
1.128015756417529047e+00
1.118920299027977849e+00
1.127911278681507090e+00
1.118954892824567171e+00
1.129415699695504482e+00
1.119040317614041546e+00
1.118956771658461635e+00
1.119402047246158327e+00
1.118982541047347956e+00
1.119376989163657576e+00
1.130765780908305818e+00
1.130729181051829624e+00
1.118954194691725856e+00
1.119060991305118158e+00
1.119062662856230350e+00
1.119010770939131039e+00
1.118425612489878151e+00
1.119213475704620375e+00
1.130422563484514642e+00
1.130351229175011740e+00
1.130413051355528387e+00
1.130360905310227482e+00
1.130510567163165447e+00
1.130487426152168684e+00
1.118963510609878753e+00
1.124366363828944504e+00
1.124176885214566157e+00
1.122478330782331168e+00
1.128457861393526995e+00
1.127768352671026042e+00
1.127213092851193643e+00
1.118903040420868633e+00
1.119087581609435444e+00
1.119110004625898602e+00
1.118994499831803990e+00
1.118974838070941669e+00
1.130454537310082941e+00
1.128494172547239938e+00
1.127359730666203763e+00
1.128183706064301406e+00
1.130313025361235901e+00
1.123293021985907636e+00
1.130574273296864662e+00
1.119305145240290011e+00
1.131171435216021148e+00
1.122265557182242635e+00
1.118609469987256633e+00
1.133510766359388411e+00
1.118765940621189836e+00
1.118870692445947057e+00
1.118846301780550334e+00
1.118729877538601869e+00
1.118381423003578901e+00
1.118518471054289032e+00
1.118758600188600738e+00
1.118872483258461781e+00
1.118878125690162095e+00
1.118902958639918177e+00
1.118859823131921782e+00
1.118576258443633842e+00
1.118437124365391666e+00
1.118615314374528547e+00
1.118623292373591482e+00
1.118079377911249228e+00
1.119131482395333110e+00
1.118185176125601421e+00
1.118295832754441443e+00
1.118585406659080128e+00
1.118315757493120177e+00
1.119225241467761256e+00
1.119019335368995893e+00
1.119037255100166162e+00
1.118649760436593255e+00
1.118155675816382200e+00
1.130408194467233951e+00
1.130447429443201424e+00
1.130768689712390529e+00
1.130966732151094556e+00
1.130992183879319324e+00
1.118928590176763604e+00
1.118373402357822233e+00
1.130901582050416243e+00
1.118409647602697454e+00
1.118398248462129096e+00
1.117387940107956723e+00
1.118237730099441274e+00
1.117378056328838465e+00
1.118347819008544297e+00
1.118237947252550768e+00
1.118543300573277444e+00
1.117855104619088102e+00
1.119486087978307065e+00
1.119641686532458102e+00
1.118935155708230544e+00
1.118600808248609191e+00
1.118554916958091061e+00
1.130159137695313953e+00
1.118424253298054172e+00
1.130185419535253422e+00
1.119542221291807804e+00
1.119947127753838423e+00
1.130586896874304026e+00
1.130719244400157697e+00
1.130523712384434942e+00
1.130625490940102562e+00
1.118949077539501902e+00
1.118729362194853749e+00
1.130594288944690717e+00
1.130709054293123961e+00
1.119252270149865280e+00
1.119263358586665591e+00
1.119600691679968785e+00
1.119226376297535630e+00
1.118912904286592847e+00
1.118942696768955081e+00
1.119335874521399044e+00
1.118845571321409604e+00
1.129944524749928680e+00
1.118493230542805472e+00
1.130234087396246201e+00
1.118930304194479142e+00
1.130064573624451230e+00
1.130011298110675133e+00
1.130217272048293253e+00
1.118944231126702826e+00
1.119233658489367622e+00
1.119408256752737696e+00
1.118909380279609511e+00
1.118777479200839142e+00
1.118830886327196739e+00
1.130078849670386631e+00
1.130635623832876746e+00
1.118875727837657319e+00
1.118650790214866353e+00
1.118910327918215319e+00
1.119300075493164348e+00
1.118608198587120572e+00
1.119194580357724123e+00
1.119197008549347672e+00
1.119277949240008674e+00
1.118914664203292997e+00
1.130628432850729226e+00
1.130650764460162216e+00
1.130677628863147710e+00
1.130596280197900594e+00
1.119831222499451107e+00
1.118970400777924201e+00
1.118911582326056475e+00
1.118786079356672181e+00
1.118954764353008668e+00
1.133427937836261501e+00
1.132900665928894934e+00
1.118987038170190296e+00
1.118933092428539000e+00
1.118860650897144149e+00
1.118897678966690012e+00
1.119086343385441884e+00
1.131539817264896053e+00
1.118902777132171122e+00
1.118891470251848874e+00
1.131408383166821796e+00
1.131300867965777446e+00
1.131237238323282268e+00
1.131017291448759066e+00
1.119072162248683000e+00
1.131012497475911927e+00
1.119005168504815462e+00
1.118989607782548301e+00
1.119006558771188820e+00
1.118999529309631535e+00
1.130703090973197877e+00
1.119049975069153824e+00
1.130677592497569606e+00
1.130573240405489122e+00
1.131126717794243897e+00
1.131027125733317762e+00
1.131213185190608872e+00
1.118854884222821644e+00
1.118905771669567173e+00
1.119079460440953522e+00
1.119538576868835067e+00
1.117529449978415412e+00
1.118197030004123738e+00
1.117902230208347225e+00
1.132928844546968072e+00
1.133047041057429150e+00
1.118986431923921554e+00
1.118994186733077711e+00
1.130813104647300005e+00
1.130024045084232043e+00
1.130125686489640291e+00
1.119147059194618432e+00
1.119020459191424344e+00
1.119384391781035548e+00
1.119791831026406115e+00
1.121257271978163939e+00
1.122225900725207337e+00
1.129664455347397123e+00
1.130963105329539697e+00
1.133991094153708135e+00
1.130980015190202526e+00
1.119096466497388143e+00
1.119035384527849564e+00
1.119226242630761758e+00
1.119106098858029474e+00
1.118738122979405780e+00
1.118531745383696041e+00
1.118593613415953092e+00
1.118994187139297214e+00
1.118859179117833724e+00
1.118940294379235922e+00
1.118900250624364823e+00
1.118897716261117559e+00
1.119431975757182673e+00
1.119581873000580652e+00
1.119349066973921003e+00
1.119575156873288568e+00
1.119198532218756537e+00
1.119672374101599477e+00
1.118958004042866605e+00
1.116947527638988857e+00
1.116462245098371220e+00
1.131010177216817958e+00
1.120031218092041314e+00
1.120080578699906848e+00
1.130871174367082288e+00
1.130964148199923081e+00
1.120135401372949646e+00
1.120428171937929207e+00
1.128383927627112371e+00
1.127896388237717318e+00
1.125716545538324453e+00
1.118966343340714875e+00
1.118379123434583455e+00
1.118415078274270114e+00
1.131255872750595248e+00
1.131308840749434275e+00
1.119376538019546619e+00
1.122309435877451023e+00
1.116911931546599401e+00
1.118099721574944860e+00
1.119276928182173947e+00
1.118546261076210246e+00
1.121005845603652240e+00
1.118750817697474087e+00
1.118661224712547142e+00
1.118557817918939712e+00
1.118717920884380046e+00
1.118547002129307799e+00
1.119575568996016735e+00
1.119442183273211988e+00
1.119261844640701664e+00
1.119257303525244440e+00
1.119080134371608803e+00
1.119332003113477247e+00
1.129704824606875935e+00
1.119669718614025200e+00
1.129940328409423600e+00
1.129038491483859374e+00
1.119343509005748194e+00
1.119410667342109589e+00
1.129903592155581782e+00
1.129988073927498560e+00
1.131078466182583897e+00
1.130971081505750320e+00
1.119957279857549226e+00
1.130536697608504948e+00
1.120187029818065616e+00
1.131135364420259748e+00
1.131057982971628295e+00
1.119722621895879344e+00
1.119374391398087143e+00
1.119709476368877521e+00
1.130729138078921059e+00
1.119515553071614544e+00
1.120221876269826611e+00
1.119718285870066721e+00
1.119163613982134819e+00
1.119367879946144839e+00
1.129550791129188436e+00
1.130720625094912446e+00
1.129723627563642196e+00
1.130894846010638943e+00
1.119744572397267879e+00
1.130740443079187640e+00
1.130949991086318773e+00
1.118730313630931006e+00
1.119531402961103206e+00
1.130923504631847543e+00
1.130917573078084049e+00
1.130400435097238088e+00
1.118738141874900283e+00
1.130696158927729345e+00
1.130473687250487913e+00
1.130440026438739753e+00
1.119845764575894798e+00
1.130654731049019590e+00
1.119671746941999890e+00
1.129531318898687076e+00
1.130866775533704294e+00
1.130957752109355896e+00
1.130999164182499905e+00
1.129517011995552211e+00
1.119010306128437993e+00
1.119013373943798850e+00
1.120016182026528195e+00
1.131111800060441652e+00
1.131175758566937750e+00
1.119334016440996615e+00
1.119152721251041704e+00
1.119301217520211056e+00
1.119299646090435640e+00
1.119383163641883394e+00
1.118402773049109289e+00
1.119373887112244947e+00
1.129335925327474177e+00
1.130226492383428649e+00
1.130285786622474031e+00
1.127841922322633472e+00
1.122838379527746788e+00
1.130208358906125587e+00
1.119248189295482865e+00
1.119185288896630270e+00
1.119290620545680071e+00
1.119254841662553401e+00
1.130259272089783495e+00
1.119490481772607016e+00
1.130357384649178121e+00
1.119604633536154692e+00
1.119405307127227411e+00
1.118894140818980532e+00
1.130016427949362967e+00
1.119016908673330812e+00
1.130657672962775750e+00
1.118916664135924055e+00
1.119566511489560323e+00
1.119470877136494291e+00
1.119498709329558306e+00
1.119259284435963897e+00
1.119470636392614571e+00
1.119280925982927943e+00
1.130442071608271037e+00
1.119414859507852578e+00
1.129540086517358377e+00
1.119924840575507341e+00
1.130416242044694153e+00
1.130381635050237366e+00
1.130471943820083647e+00
1.130370230709720980e+00
1.130426388877478372e+00
1.130429897510661474e+00
1.130367049752537323e+00
1.119239053717248522e+00
1.119320912141424706e+00
1.128896074904490954e+00
1.129757605199125381e+00
1.129519034169292668e+00
1.128530193243665325e+00
1.119057822795571644e+00
1.119092273946888483e+00
1.130481683907899715e+00
1.119309819254814542e+00
1.119236202133437441e+00
1.119032829345640190e+00
1.119069388199725790e+00
1.118788661902081039e+00
1.118783344460975382e+00
1.118783284599293548e+00
1.118788296202419374e+00
1.118787315931810911e+00
1.118638187586095345e+00
1.118412032250728938e+00
1.118520891506562309e+00
1.119612005110168784e+00
1.120379181946950409e+00
1.119805143919362145e+00
1.129180675647794896e+00
1.128798364391540909e+00
1.119005123569184246e+00
1.119151288280672230e+00
1.130845938042506660e+00
1.130909922396467593e+00
1.131578274074462431e+00
1.131811021753363677e+00
1.119644857353123468e+00
1.120754599399788720e+00
1.119369191603766023e+00
1.119830643174578588e+00
1.117562069946730130e+00
1.121414681949204128e+00
1.119485797848203124e+00
1.119031731196118873e+00
1.119010353086955289e+00
1.119795608485018912e+00
1.116826340014249075e+00
1.119876604616702576e+00
1.119549872959558101e+00
1.120262445568662280e+00
1.119489615788286763e+00
1.119551441905615397e+00
1.119910406476907205e+00
1.119163215198061945e+00
1.119887941193069558e+00
1.119168793168640708e+00
1.119545552489119800e+00
1.122176961864667977e+00
1.130909382427909948e+00
1.132999898773189518e+00
1.130229648274192034e+00
1.119388025480181348e+00
1.120613368524808529e+00
1.119266723130948105e+00
1.120175366461385158e+00
1.120172383685294148e+00
1.120207860365586283e+00
1.121032914625447408e+00
1.133322495147933484e+00
1.119551418030725332e+00
1.119776204707147782e+00
1.132945614430292292e+00
1.129393905478809357e+00
1.129619249166900152e+00
1.118880660606146105e+00
1.128710228237137514e+00
1.119285707852502254e+00
1.119025595688807995e+00
1.119210843260612709e+00
1.119248597415429369e+00
1.118994865486061530e+00
1.119095805906350272e+00
1.119491190855925300e+00
1.119708431066896104e+00
1.127622924145982974e+00
1.122997030681303077e+00
1.126740448238754855e+00
1.125066929138321514e+00
1.125049982544603644e+00
1.119474768336331749e+00
1.119575203144922204e+00
1.119282942887257937e+00
1.119357817346998019e+00
1.119276971477778382e+00
1.119302961134086116e+00
1.120562980046942769e+00
1.119631508483868387e+00
1.120319599570059221e+00
1.119575365855183025e+00
1.119279778074136145e+00
1.119490003033382308e+00
1.119634367166843392e+00
1.119499930832040135e+00
1.133370545594351908e+00
1.119409650738038442e+00
1.119780613682378467e+00
1.119876611218675100e+00
1.119462670267953763e+00
1.119830222605048720e+00
1.120520025000576458e+00
1.128588520582995525e+00
1.132882303283183401e+00
1.130389305947548495e+00
1.119678657830819324e+00
1.119552583585773142e+00
1.119941012106980383e+00
1.119960243041661085e+00
1.121967853159711259e+00
1.121068344497308189e+00
1.131195855985678289e+00
1.131162825279964146e+00
1.125211423486762730e+00
1.121357237572800924e+00
1.120210278372017365e+00
1.131044256523975555e+00
1.130967314175148175e+00
1.119524952390936745e+00
1.131164079947126311e+00
1.121602318533710063e+00
1.120088128404373551e+00
1.119928294197919394e+00
1.119892875572654489e+00
1.130212719507785346e+00
1.130172928782816610e+00
1.119804417320899192e+00
1.119695085598338080e+00
1.119669797028072900e+00
1.121083188752078019e+00
1.124181594096431702e+00
1.122079865764609830e+00
1.123641293531057572e+00
1.134013351999402452e+00
1.129333639629285457e+00
1.128700629250202647e+00
1.129115296651870493e+00
1.133317916593189256e+00
1.132249182374897023e+00
1.124413736843858480e+00
1.122461276324566937e+00
1.121552776580784005e+00
1.119078151754724804e+00
1.119050066618185069e+00
1.121136334603298979e+00
1.121691238920857758e+00
1.118992945814075046e+00
1.119026318443079315e+00
1.119051390647991306e+00
1.118977271441218724e+00
1.119747597614988655e+00
1.119925614863062302e+00
1.119917502214080374e+00
1.120006502397352888e+00
1.119753888729369429e+00
1.130966928387343140e+00
1.119128817984055058e+00
1.119071712011290520e+00
1.129872942549758674e+00
1.129045264083942568e+00
1.119596071987835506e+00
1.126543341184714553e+00
1.129821716786838293e+00
1.118231615867633977e+00
1.117652137375096277e+00
1.127924725921293669e+00
1.130691636566862446e+00
1.130710494311395475e+00
1.130721669188793355e+00
1.128643576092596135e+00
1.129687188063486003e+00
1.119438907146725670e+00
1.127264751557051525e+00
1.123668547906329085e+00
1.119221586045490380e+00
1.119156697174555459e+00
1.119135199913801282e+00
1.118717097994574416e+00
1.118600801649387799e+00
1.119093861472536977e+00
1.118928894692051035e+00
1.118960020400616262e+00
1.118646008484184717e+00
1.118459926745307476e+00
1.118732616349596087e+00
1.126583686186113153e+00
1.130968312822347777e+00
1.131071814526501518e+00
1.131308334219685019e+00
1.130044129271361442e+00
1.119388724815729486e+00
1.129519171465214189e+00
1.129415744401228716e+00
1.122226426045784597e+00
1.124536589558725153e+00
1.121100766273237737e+00
1.131062600330787093e+00
1.131143874624696011e+00
1.131089037143760301e+00
1.131267524616700992e+00
1.131106439635353178e+00
1.130595985558204619e+00
1.130537951402045493e+00
1.130478266301668588e+00
1.130616910865833047e+00
1.130480490085096212e+00
1.119785607669199212e+00
1.121140503157596502e+00
1.123220786553471795e+00
1.120127518812682466e+00
1.120495072754755572e+00
1.128335171495526534e+00
1.128332330978575326e+00
1.128807886115414716e+00
1.127593694924062806e+00
1.129088276654379719e+00
1.131092794530416334e+00
1.119271300193563468e+00
1.127984673295510554e+00
1.119350250085288767e+00
1.123789397515818411e+00
1.119209993713869311e+00
1.117927612225131151e+00
1.119173980378836974e+00
1.121224372351644849e+00
1.120559900866813896e+00
1.119597240885684020e+00
1.119180388330606402e+00
1.130338544516877430e+00
1.130385852071879915e+00
1.119132233591616954e+00
1.119530823207794068e+00
1.129123052849236197e+00
1.119178496445955018e+00
1.131201601849294303e+00
1.130509010784057855e+00
1.130587843178681329e+00
1.119136476848058726e+00
1.130071774883683711e+00
1.130070636671189233e+00
1.119453410370189639e+00
1.119615589709974213e+00
1.119951753210008505e+00
1.130836953026972180e+00
1.121172915680855420e+00
1.118162995745944688e+00
1.117992462694463729e+00
1.118896780716815975e+00
1.118571211300107615e+00
1.119458837651808425e+00
1.118644617517449813e+00
1.119096550374088839e+00
1.119047265182319784e+00
1.120026706108214753e+00
1.130981501325829530e+00
1.121042319524347075e+00
1.130637900968818332e+00
1.123649229449844356e+00
1.130620454803519914e+00
1.130856760407882300e+00
1.130769973923128946e+00
1.121155925895333194e+00
1.129940410289404396e+00
1.130251799625681564e+00
1.130357498037518171e+00
1.120758098525393764e+00
1.124986133575895275e+00
1.122314626781000690e+00
1.122142301500328898e+00
1.122072640595378479e+00
1.130466961285170324e+00
1.131329040976045919e+00
1.131210852369468611e+00
1.131231664002514847e+00
1.130976265777905443e+00
1.131137715555198264e+00
1.131143955848054494e+00
1.130070810719249419e+00
1.131023610675773172e+00
1.130884797346090709e+00
1.129607214488461686e+00
1.124065131682947527e+00
1.130772546575548931e+00
1.124664681495434415e+00
1.120518209536596643e+00
1.130550565807899366e+00
1.128532491715056096e+00
1.120201003891034608e+00
1.128231230311578459e+00
1.128264848544663801e+00
1.129371779775607321e+00
1.122318286326174475e+00
1.124241409901041600e+00
1.119543104978494519e+00
1.119737044617765687e+00
1.130034508265895798e+00
1.129076931208390144e+00
1.129947488829679214e+00
1.130913717400599428e+00
1.126510729912272080e+00
1.129416260649005910e+00
1.128916783443246530e+00
1.130915266049216994e+00
1.129556746084022123e+00
1.129570595583111681e+00
1.122882587844274083e+00
1.130014105362011190e+00
1.130088751512297707e+00
1.131470933087189046e+00
1.128471569811320796e+00
1.124809878476416003e+00
1.118310659107857541e+00
1.129387867124538758e+00
1.128274392035790497e+00
1.118473096503776798e+00
1.120653056104297551e+00
1.120455086850494775e+00
1.120606866054177253e+00
1.130395760339851785e+00
1.130410963533164281e+00
1.130397473315706502e+00
1.130871904291335328e+00
1.130327532101330412e+00
1.125024761408406349e+00
1.128009534218673560e+00
1.130373584443286950e+00
1.130097023147126345e+00
1.130759325063889209e+00
1.130700738532268712e+00
1.130688834758040606e+00
1.130487542965058712e+00
1.130239202488019012e+00
1.130095646989896618e+00
1.118743937678820632e+00
1.117908301590268438e+00
1.131207926160412880e+00
1.130970069617846407e+00
1.131034069886653670e+00
1.131351444737802803e+00
1.119026478420644288e+00
1.119007416734155491e+00
1.119056039345439846e+00
1.129699854139584847e+00
1.129686853588350859e+00
1.130021577460836868e+00
1.118480814490684594e+00
1.118536732416737900e+00
1.118585443788348677e+00
1.118503391075158282e+00
1.130866080040583199e+00
1.130391310653378500e+00
1.118471648960966291e+00
1.129776107616130565e+00
1.130499187240727732e+00
1.128906554078291657e+00
1.131466913115624529e+00
1.129119379922461919e+00
1.130587563740188095e+00
1.130517008755478114e+00
1.129552874260831397e+00
1.129962721101017475e+00
1.121221099733276994e+00
1.125737042581652192e+00
1.127749983941420453e+00
1.130428622592190235e+00
1.132453915473235817e+00
1.128273694090862422e+00
1.121196521608670782e+00
1.121333021668497132e+00
1.119832136437454828e+00
1.132978450715830032e+00
1.118285779039214667e+00
1.122552555082024117e+00
1.118130827938589977e+00
1.118160408879692369e+00
1.118497808383083658e+00
1.130260171792325297e+00
1.130356064833555330e+00
1.130967720476158789e+00
1.130570377520269565e+00
1.129941440286859278e+00
1.130064970979355543e+00
1.130140254184554216e+00
1.129629408105583543e+00
1.130053966669399612e+00
1.130104322744029055e+00
1.130826311226756919e+00
1.129977549031860873e+00
1.131367389632180087e+00
1.130798989995087211e+00
1.129820223393572354e+00
1.131371842153724439e+00
1.131269128172951000e+00
1.130099996378164162e+00
1.131332325162454522e+00
1.129902985746231714e+00
1.131012108715311326e+00
1.131157667514938181e+00
1.131287612440336376e+00
1.129844286776227058e+00
1.130845396837732553e+00
1.130499745666569744e+00
1.130853521392103822e+00
1.131014220923308944e+00
1.129108699979227692e+00
1.130434222623343254e+00
1.130227164556466546e+00
1.130300027309418809e+00
1.130464998161444079e+00
1.130875394552737667e+00
1.131070012068962072e+00
1.125906194773879099e+00
1.130917818233603711e+00
1.125298132384120020e+00
1.130627230191484367e+00
1.118835979042278828e+00
1.131004821254344206e+00
1.129261873333970545e+00
1.131356140348304340e+00
1.130804755789692972e+00
1.130536953618034302e+00
1.130791545777183771e+00
1.128073066812086855e+00
1.129439785068511171e+00
1.130957828033305690e+00
1.130870747681083976e+00
1.128925286671216055e+00
1.129587783900653397e+00
1.127748990751256342e+00
1.130947381171749644e+00
1.119140316244652045e+00
1.130864222603136682e+00
1.130894817419135778e+00
1.129789427793022494e+00
1.130095068230793975e+00
1.130673509660270026e+00
1.117009959832710786e+00
1.130763189574436556e+00
1.122340683212531776e+00
1.119303582978407041e+00
1.119980720095449689e+00
1.119241639867824212e+00
1.130608981884875908e+00
1.130584785321415042e+00
1.130542381609815683e+00
1.130548223476594893e+00
1.130586346484606430e+00
1.133328111365496493e+00
1.119656871528903475e+00
1.130083930855082075e+00
1.130865837131528995e+00
1.123679289932363767e+00
1.130414238050747366e+00
1.130946591491679865e+00
1.130982996504040328e+00
1.130960598106603765e+00
1.130863049753538130e+00
1.122274164803749974e+00
1.119552556800552434e+00
1.119356702736902687e+00
1.118893048851332228e+00
1.117977184078021269e+00
1.117722973172838419e+00
1.116360480200103922e+00
1.116609018868724101e+00
1.130137861545990718e+00
1.129752172874247673e+00
1.133825520468459969e+00
1.131461192892563083e+00
1.118966352004584941e+00
1.127834760484518917e+00
1.123449617479761020e+00
1.126482772936380661e+00
1.133399763626521173e+00
1.118790786227993328e+00
1.118795216937390480e+00
1.132776277429684564e+00
1.131062285530815670e+00
1.130145669401613429e+00
1.130101207253454865e+00
1.130029252278594409e+00
1.130863974901766822e+00
1.122602646912712610e+00
1.131172751427333534e+00
1.131413140064680301e+00
1.132219084556849387e+00
1.133260771263422839e+00
1.131203382002970104e+00
1.132265647401051512e+00
1.130955009719997184e+00
1.130901075552711355e+00
1.132617811032715416e+00
1.131468292830112743e+00
1.131071305454657061e+00
1.130199305813226918e+00
1.129737235868731426e+00
1.130997663359492478e+00
1.119221507449808639e+00
1.131512823301117576e+00
1.130319345109596307e+00
1.131179693166559419e+00
1.130874395536027643e+00
1.130741416928055409e+00
1.130913816706770048e+00
1.130302768002507730e+00
1.130850307817874878e+00
1.130873013680509853e+00
1.133159739416717660e+00
1.131369456902589610e+00
1.131200871459041135e+00
1.130987820172698610e+00
1.131238691330287427e+00
1.131049283430637376e+00
1.131254724396614453e+00
1.131106788735679602e+00
1.131110821602134164e+00
1.130890387597640823e+00
1.130925734093269686e+00
1.130698150587132078e+00
1.130802777070765819e+00
1.130720427932562000e+00
1.131129497502604275e+00
1.131077912587141965e+00
1.131064114239437091e+00
1.131080321066598726e+00
1.130648281041431336e+00
1.130627725328468669e+00
1.130656274500604797e+00
1.130188373873777463e+00
1.129803872966550271e+00
1.130810995656681861e+00
1.130701216999265402e+00
1.130653941643214422e+00
1.130420497195705920e+00
1.130654871898731040e+00
1.130733820747792162e+00
1.130850226517656099e+00
1.132264498962001653e+00
1.130764531027227182e+00
1.130725500076811718e+00
1.132849277062346616e+00
1.131501309265260380e+00
1.131660072600165767e+00
1.130750679310021933e+00
1.130135838922318614e+00
1.130830246563821806e+00
1.130133737491649804e+00
1.130820795689501779e+00
1.130817678980396757e+00
1.130846472538528991e+00
1.130806905259264195e+00
1.131253416353755537e+00
1.131159502092145219e+00
1.130515263105395851e+00
1.119452727080487708e+00
1.119439211260373490e+00
1.119402013153037778e+00
1.129559723479101940e+00
1.130743083136394933e+00
1.130749548411102090e+00
1.130619902182814052e+00
1.130668581866152600e+00
1.131052777385922470e+00
1.131021198763506153e+00
1.131057374568200879e+00
1.130958479114653636e+00
1.130926253971592299e+00
1.130665839973076237e+00
1.129701212585432879e+00
1.118227786394324186e+00
1.118151397269887548e+00
1.118173946663807650e+00
1.117530344226266070e+00
1.117804669265796580e+00
1.130751516021569314e+00
1.130437173819459407e+00
1.130605571219615468e+00
1.129977696333388515e+00
1.130594365075959118e+00
1.122767505554539191e+00
1.130616069789294631e+00
1.121108301449775357e+00
1.129977807668674838e+00
1.130617130916567570e+00
1.130462442550207669e+00
1.130234103601001516e+00
1.118507921999361443e+00
1.118527286512744690e+00
1.118365408012828466e+00
1.130793473052525089e+00
1.130697090710764963e+00
1.129943096036607697e+00
1.129774850418293841e+00
1.129874706379594418e+00
1.129552998562759702e+00
1.130844919405727511e+00
1.129929113455414136e+00
1.130969091840235752e+00
1.130997121569016661e+00
1.130948541323006928e+00
1.130941042049050882e+00
1.130719749700703325e+00
1.131104015527841122e+00
1.130958344242827485e+00
1.129905058210578073e+00
1.131351515738964864e+00
1.130787615341981356e+00
1.130899664634837265e+00
1.130866969937074140e+00
1.130735024340366657e+00
1.130790494137766888e+00
1.131677900004230741e+00
1.130882082585820569e+00
1.130771943499998988e+00
1.118997447392616529e+00
1.130619256549431517e+00
1.130626252430900314e+00
1.130593859557086356e+00
1.130679327400413658e+00
1.130659951972809329e+00
1.130292290504967267e+00
1.130334555218390324e+00
1.130381644018387810e+00
1.118167752384146674e+00
1.130773212089131396e+00
1.130122285626111944e+00
1.130031780923303586e+00
1.130084690399388636e+00
1.123448607523499954e+00
1.120971417704904161e+00
1.122423207726153560e+00
1.122126582106679260e+00
1.120694274250378042e+00
1.118352731850889903e+00
1.130516686991496211e+00
1.131134504007340169e+00
1.132604870272541753e+00
1.128803339774023140e+00
1.126973315699608680e+00
1.129616878198179242e+00
1.119439523520145530e+00
1.119360598066214463e+00
1.130992400606554371e+00
1.119401878279421059e+00
1.121141069516047528e+00
1.133337338094341673e+00
1.121237326912617904e+00
1.123632580234215972e+00
1.132508641984147912e+00
1.127787755644716894e+00
1.128585901071718745e+00
1.120319472519200277e+00
1.131032112779037480e+00
1.120201470908051222e+00
1.120260461730347101e+00
1.133949039039899187e+00
1.120189622694582221e+00
1.120318375269668820e+00
1.120459643366895186e+00
1.133122948016943354e+00
1.131570134803369765e+00
1.131151888802125693e+00
1.133153855594416726e+00
1.120359619740639356e+00
1.120667964249105752e+00
1.126192035254798274e+00
1.122283035447906752e+00
1.124730246933594247e+00
1.132959677514449259e+00
1.130915418050069121e+00
1.130974801222516035e+00
1.130966540283421917e+00
1.132614933334653129e+00
1.131876097150799287e+00
1.132493197322189227e+00
1.133660731665736776e+00
1.128343836219110496e+00
1.122285144950409208e+00
1.125875449779738524e+00
1.120265101456425549e+00
1.121782611917372163e+00
1.131146652777318629e+00
1.131091572886633756e+00
1.132057861520464837e+00
1.119243853938811872e+00
1.118722825138934063e+00
1.118656900427093648e+00
1.131282509186519736e+00
1.131515030723332149e+00
1.118599882695637815e+00
1.131713911201822853e+00
1.131610491160808252e+00
1.132038991786470161e+00
1.132236007114503229e+00
1.132059282589702454e+00
1.124599613536910736e+00
1.117700665085370249e+00
1.130313773396321331e+00
1.132376096143066668e+00
1.131581155072067801e+00
1.132125940270292563e+00
1.132624722323308131e+00
1.132819523366510595e+00
1.133595822461036962e+00
1.133372297707512688e+00
1.131504380008013566e+00
1.119280729601040525e+00
1.133554955070367631e+00
1.127049406539025300e+00
1.127277642615944764e+00
1.123180273584960753e+00
1.133914464499424568e+00
1.124594273183417981e+00
1.119185382289747732e+00
1.119095461588327733e+00
1.126900693141403620e+00
1.119019062899525130e+00
1.130540769791845923e+00
1.130551500294695311e+00
1.119847700633987087e+00
1.130577829543447432e+00
1.119643272712409043e+00
1.119980277729460516e+00
1.119754178230814468e+00
1.130268032393134003e+00
1.132181252541330840e+00
1.130171551855861489e+00
1.132685472048321706e+00
1.119064913668473382e+00
1.120230526378709346e+00
1.130173767434049514e+00
1.130234217931615825e+00
1.130146179422248931e+00
1.131031099354289360e+00
1.131377613704589669e+00
1.132295521780974035e+00
1.130854088786049205e+00
1.130871651461636151e+00
1.130778497524052240e+00
1.130788637783211259e+00
1.130862415118285780e+00
1.131148175003396261e+00
1.130890615696583668e+00
1.131104560139611026e+00
1.130874115944199287e+00
1.130819522035268143e+00
1.116947145383799578e+00
1.131349242536128230e+00
1.131012207673084857e+00
1.131297187662459791e+00
1.131294466442964719e+00
1.131342134543537492e+00
1.131613975683261941e+00
1.131534097576200937e+00
1.132153764704304733e+00
1.131345253228959180e+00
1.128869697679970807e+00
1.129139168741191801e+00
1.131286131512952764e+00
1.121022180334844576e+00
1.131735608201366983e+00
1.131007842417051323e+00
1.131080485596135832e+00
1.131238070312034161e+00
1.130498434391183249e+00
1.131480871526006515e+00
1.120425267481213183e+00
1.130701528330272154e+00
1.130825732758978353e+00
1.130838976553504738e+00
1.130761626077527504e+00
1.130919161622050195e+00
1.130920373195892337e+00
1.130954499456764850e+00
1.131214943956419861e+00
1.131154356079592249e+00
1.131227182822111210e+00
1.131128678831192724e+00
1.131125007009629924e+00
1.131414857290212739e+00
1.131706781296028197e+00
1.129904586957031665e+00
1.130730376231594558e+00
1.131081902504253334e+00
1.131303236323520922e+00
1.120894734077785948e+00
1.131648942555899762e+00
1.131560241903488473e+00
1.131566558432416381e+00
1.131756654910944349e+00
1.132126028683622554e+00
1.131871359419075462e+00
1.118755008443085286e+00
1.118734919684038376e+00
1.118642504532598281e+00
1.120064919094619693e+00
1.119757044385580880e+00
1.119604442981105397e+00
1.130926826199655011e+00
1.120320679720972823e+00
1.121147885571496472e+00
1.120477445209677070e+00
1.128985651200200335e+00
1.120228177859692531e+00
1.120043877924474351e+00
1.119759473790551851e+00
1.129387956763357348e+00
1.119394211966217467e+00
1.120930051856769527e+00
1.119829042687745080e+00
1.119824957773484897e+00
1.120088636452798658e+00
1.130473610023626563e+00
1.120189666135428253e+00
1.120128538667293228e+00
1.130514422772246563e+00
1.121029164587706406e+00
1.133473970374546447e+00
1.132119403639398225e+00
1.122749477529273676e+00
1.121539770849059980e+00
1.120252908213807297e+00
1.119880864691761735e+00
1.126715263658497612e+00
1.127254671845348444e+00
1.119767581305655568e+00
1.120158827089619225e+00
1.119991177428312001e+00
1.119849063446421322e+00
1.120580648107119881e+00
1.119984422697551496e+00
1.120184612026087212e+00
1.121078712960758894e+00
1.119701516500748006e+00
1.119712013360423475e+00
1.121672379005501652e+00
1.121129295577220075e+00
1.121192570972617819e+00
1.131770911669278679e+00
1.130853468033919729e+00
1.130953255446828898e+00
1.118290115036420174e+00
1.130954182545139464e+00
1.117975581237835137e+00
1.118291599803555636e+00
1.118167485833987840e+00
1.130872033347447347e+00
1.130845908721116233e+00
1.127401242283422311e+00
1.120896706675726495e+00
1.118723636013069456e+00
1.119432550694909656e+00
1.117268487295371759e+00
1.116922316826195694e+00
1.117632725030731411e+00
1.117796323993968555e+00
1.130052102965092065e+00
1.129977169484693400e+00
1.129981764582554948e+00
1.130708049454374198e+00
1.131948843987971465e+00
1.130974084627701437e+00
1.130285875837869547e+00
1.130216010107245816e+00
1.130276309027844261e+00
1.130211943568883326e+00
1.118947638370263231e+00
1.118948827826817372e+00
1.119205737893074204e+00
1.119141040311767643e+00
1.131169140675828633e+00
1.131076221186013697e+00
1.131040056253930670e+00
1.130931081291191909e+00
1.130990717295359271e+00
1.121997624976204033e+00
1.132110823736061311e+00
1.119118114835605970e+00
1.119066203231919632e+00
1.119092519748446923e+00
1.119068846519190696e+00
1.118242538395407326e+00
1.118400955724640822e+00
1.118601706774723148e+00
1.118671474562168866e+00
1.130909847984715277e+00
1.130916227084418857e+00
1.130951583105171743e+00
1.128678564381695226e+00
1.119722085039286386e+00
1.119955084668198486e+00
1.129004522680146838e+00
1.129481687388849798e+00
1.119004571504536028e+00
1.118973741135613542e+00
1.118876687813849857e+00
1.130484058170444506e+00
1.130782221759165651e+00
1.130817278106423851e+00
1.130379156804359297e+00
1.130841201838934662e+00
1.130831675844463202e+00
1.130770707784565232e+00
1.130374250534224023e+00
1.130800131173284262e+00
1.130433259939592761e+00
1.119999385157436800e+00
1.119906902669420834e+00
1.122119533505254507e+00
1.127462509491240938e+00
1.118498086018921533e+00
1.119694121297804212e+00
1.129923735223965497e+00
1.129921507338353726e+00
1.129927737536917665e+00
1.129337933262602123e+00
1.127999812268594360e+00
1.127992861281920112e+00
1.130699267588503698e+00
1.130883846520628344e+00
1.118162396037243767e+00
1.130894936956166053e+00
1.118468616901365120e+00
1.118403502771672997e+00
1.130934621615833358e+00
1.118334281595526836e+00
1.118552299356655455e+00
1.129508205014868816e+00
1.118638475727727455e+00
1.118338155313960636e+00
1.118807841622944332e+00
1.118350373256539187e+00
1.129471281310440389e+00
1.129967452232615299e+00
1.119510681084321169e+00
1.119650013889769813e+00
1.130181915299783180e+00
1.129984956096226512e+00
1.125559261002884837e+00
1.119035910954810475e+00
1.120763897224121397e+00
1.119811506204783758e+00
1.129983829183222488e+00
1.118927951548547073e+00
1.118909877286219379e+00
1.129915967743934768e+00
1.129696964007184778e+00
1.121243069699379591e+00
1.119735978001138443e+00
1.120928447585917809e+00
1.119224640807849225e+00
1.119247524978490782e+00
1.119122073330945266e+00
1.119069215586760313e+00
1.119184150381629772e+00
1.119077318188453241e+00
1.119046381570069082e+00
1.117605130065506547e+00
1.128792837616985567e+00
1.118301504622149389e+00
1.120095374462078297e+00
1.120116172957127176e+00
1.130222131110747430e+00
1.127865017834669192e+00
1.130270297995681794e+00
1.130375561118739380e+00
1.130479354572500039e+00
1.118996627888974471e+00
1.132113602075110359e+00
1.133375483277819562e+00
1.131618908248345878e+00
1.132421884086730390e+00
1.130991836952706553e+00
1.130943635278576220e+00
1.130979520346742540e+00
1.131356677639380193e+00
1.130820412693843480e+00
1.130802649747055133e+00
1.130844229782651311e+00
1.130830464588475470e+00
1.130122492445928772e+00
1.131883509390734677e+00
1.130060101294076969e+00
1.130091409393716217e+00
1.132402016083113416e+00
1.132343328134312266e+00
1.118997823741824105e+00
1.118960710917300760e+00
1.119818047199764965e+00
1.129577101070861067e+00
1.130701228757464483e+00
1.118594023110154101e+00
1.131186608942361449e+00
1.131111313362207937e+00
1.130908924394124604e+00
1.130880832624929555e+00
1.130860157084619955e+00
1.118203661522727987e+00
1.116167696024875866e+00
1.118110764166421189e+00
1.122683556131578886e+00
1.130401814762609591e+00
1.130780173747739870e+00
1.130737422685029747e+00
1.119627084306111575e+00
1.119618211632244176e+00
1.131073573942405819e+00
1.126885213195187641e+00
1.133519893657783495e+00
1.124121726617800521e+00
1.130944525492901143e+00
1.130934039176499484e+00
1.130896022180011506e+00
1.118998086750662591e+00
1.118547051233094836e+00
1.118637235168855604e+00
1.118525207441747327e+00
1.130111851529178368e+00
1.125799527509384390e+00
1.130446769549739106e+00
1.130436655428731507e+00
1.130335426064748017e+00
1.130498822096696721e+00
1.130208222270784990e+00
1.130226791746959503e+00
1.125322607205517578e+00
1.130264620693200772e+00
1.131032298191873675e+00
1.119105616027474825e+00
1.119026521534967733e+00
1.129771313803368704e+00
1.129629387583138023e+00
1.129763600702340387e+00
1.130039096860170122e+00
1.126993180661606031e+00
1.119025430066243887e+00
1.119039646400242782e+00
1.119627312079386705e+00
1.119222223698295382e+00
1.119412623988615296e+00
1.117482778333257487e+00
1.118274556528780828e+00
1.118151338676033779e+00
1.118145956953518594e+00
1.118124383615304973e+00
1.118204286464557384e+00
1.118287258813305263e+00
1.119412606537764532e+00
1.119332971465016646e+00
1.119226723322551242e+00
1.119748484860560556e+00
1.131004263991132630e+00
1.130991990418104276e+00
1.130595849714266743e+00
1.119168054294539916e+00
1.130238223557628041e+00
1.130292233086002573e+00
1.130192559442081413e+00
1.120598611210938733e+00
1.121217648053406402e+00
1.119554628114872052e+00
1.118678401618896201e+00
1.119975102418782287e+00
1.118669840618204070e+00
1.118534232801867034e+00
1.117587632508513007e+00
1.131027943338397845e+00
1.131025270525245263e+00
1.130912993948484324e+00
1.119035812503013982e+00
1.119051168374312732e+00
1.130914388224640188e+00
1.119675576446709231e+00
1.119562410647495287e+00
1.119491123146932221e+00
1.129736653839147564e+00
1.119547138901017869e+00
1.130953989544279947e+00
1.131025674912209178e+00
1.130892393563792675e+00
1.130907029387940410e+00
1.130165859580950727e+00
1.130665408096847235e+00
1.130715465401364472e+00
1.130282385382604726e+00
1.119163094624721300e+00
1.119154696042107267e+00
1.118366453228777369e+00
1.119300242477460960e+00
1.119369671646462061e+00
1.118038444000610365e+00
1.130440137993676597e+00
1.130932162155749321e+00
1.130855703706043380e+00
1.130235376482491283e+00
1.119987374171735217e+00
1.119362787390355107e+00
1.119741304266215653e+00
1.130349323723385035e+00
1.130937300283376690e+00
1.130876209115918352e+00
1.130928518850240483e+00
1.118915969502780605e+00
1.130915560508088502e+00
1.118861797378307488e+00
1.118938979821459068e+00
1.120123955681494365e+00
1.119916801931794437e+00
1.120115733628705756e+00
1.130903547404257248e+00
1.130950540782188263e+00
1.118220009471163179e+00
1.118327016339485391e+00
1.129790778527844930e+00
1.129643021038652551e+00
1.130259019638144347e+00
1.130335785781259927e+00
1.119677554448260892e+00
1.122326009205295128e+00
1.119717509691872115e+00
1.130176924486513856e+00
1.130198761281979714e+00
1.118745466608605188e+00
1.118689741127739223e+00
1.119334112107930101e+00
1.118331516482589771e+00
1.129874463037540355e+00
1.130023414155133965e+00
1.130092164280430023e+00
1.118384002612577532e+00
1.117995441079503660e+00
1.130121805474081143e+00
1.122785922972536987e+00
1.123212810784470550e+00
1.125373710742284317e+00
1.118771088656790313e+00
1.128035869070038055e+00
1.129279388345318269e+00
1.128913085934507121e+00
1.128860463990776664e+00
1.118930605175795234e+00
1.118883450670102642e+00
1.118589602859672683e+00
1.118544054035133462e+00
1.118396270653719604e+00
1.130943362997724577e+00
1.130958311237833858e+00
1.116988627592544692e+00
1.117530189507146554e+00
1.119115643027903673e+00
1.129701394790017632e+00
1.129581206148880135e+00
1.128190813094467781e+00
1.129189038199596817e+00
1.130802861550588068e+00
1.129766948194093734e+00
1.130818352762047008e+00
1.119819100572499115e+00
1.120068620566851081e+00
1.119008277114868832e+00
1.124830700199599187e+00
1.123888354793228794e+00
1.119115718544564153e+00
1.119147089725499145e+00
1.130015628722689680e+00
1.130145270369862232e+00
1.131046396703426327e+00
1.131198014531779039e+00
1.129717783149168264e+00
1.118314434779051236e+00
1.118385884139456055e+00
1.129919881484128030e+00
1.118320512291197222e+00
1.129143810608112641e+00
1.118383138589971626e+00
1.130080314655153684e+00
1.130749360673765747e+00
1.130774778181209195e+00
1.131063684844499262e+00
1.130769241805585690e+00
1.130810248768605586e+00
1.119438212475268424e+00
1.119349514328273898e+00
1.119261899516090564e+00
1.119205544080662973e+00
1.133162118109029004e+00
1.132324924076354433e+00
1.119538095465886451e+00
1.119267947500417471e+00
1.119411828530920250e+00
1.122261975927893340e+00
1.121542704255027223e+00
1.130121463006755755e+00
1.130191737310243250e+00
1.130446619398774333e+00
1.130468592941250350e+00
1.130841498830673419e+00
1.130778750313596870e+00
1.130786793526804335e+00
1.116995754962491816e+00
1.117759871804858030e+00
1.117537122854680431e+00
1.116816784511091898e+00
1.123044039991610177e+00
1.118608419774371088e+00
1.118647490346063478e+00
1.118512375110694679e+00
1.118458719840600635e+00
1.123407534878060110e+00
1.118912478889424467e+00
1.121417545034021579e+00
1.121615121786101454e+00
1.117510332026519171e+00
1.127519764028267701e+00
1.119667023423300378e+00
1.118981646198142998e+00
1.130617969971728698e+00
1.131511482416971193e+00
1.131595767770975369e+00
1.131481585192597672e+00
1.131562694013726666e+00
1.131785052981389317e+00
1.130845290014536264e+00
1.130830178575001232e+00
1.130825392890389303e+00
1.118408781714361089e+00
1.130894721005642589e+00
1.118717867969562851e+00
1.130900475552854667e+00
1.130880715457631025e+00
1.130852245552937729e+00
1.118776652886031897e+00
1.117385668891951234e+00
1.116388385412752982e+00
1.130113109857394438e+00
1.116761194367951848e+00
1.120053940796972958e+00
1.119252018202630872e+00
1.118972465363394786e+00
1.118933835651682251e+00
1.119019458986917126e+00
1.130522573777604789e+00
1.130614664635659183e+00
1.130565487954728887e+00
1.131044620018072822e+00
1.119527347257957217e+00
1.118234041268274304e+00
1.118076584408928431e+00
1.118836987746564482e+00
1.118091489988186860e+00
1.118023911203787968e+00
1.130848865847997820e+00
1.130754230958724849e+00
1.130798704598479754e+00
1.124660332743042446e+00
1.131339392320085846e+00
1.119165283009695644e+00
1.130311820554958047e+00
1.130271603220694532e+00
1.120125318751355792e+00
1.120659045014791522e+00
1.118397314552248112e+00
1.117750755009612185e+00
1.128886727034448700e+00
1.129117521601148422e+00
1.126755483799528390e+00
1.131045446619580508e+00
1.131057087757151303e+00
1.129776813059010676e+00
1.129754956446559211e+00
1.129841954379664060e+00
1.119194327711297010e+00
1.128024605844534900e+00
1.119301664854929657e+00
1.128550290562116754e+00
1.126996033294572763e+00
1.128911511504227416e+00
1.118003428798134857e+00
1.118559480998076561e+00
1.118076052935267795e+00
1.120645110811632650e+00
1.130618995974193908e+00
1.130526310596898565e+00
1.118269336633232358e+00
1.130819352941182521e+00
1.130851712800832853e+00
1.130377692016385494e+00
1.130326198829294970e+00
1.130333034345031518e+00
1.128574191452861974e+00
1.128617952885847542e+00
1.129121942270604029e+00
1.132594460046831397e+00
1.130317570662293436e+00
1.125593550359979877e+00
1.130282239235256725e+00
1.122820291576749563e+00
1.130905114873213657e+00
1.130936900637012910e+00
1.118656797818453619e+00
1.118694447534540393e+00
1.118586544196624954e+00
1.120964928834033314e+00
1.130400367347040413e+00
1.130885907177687555e+00
1.118914861727552834e+00
1.131162398214193843e+00
1.130737478349383762e+00
1.130866072778607734e+00
1.130884108516637898e+00
1.130319048575170848e+00
1.121582250057326702e+00
1.121173562358971143e+00
1.130892390802443526e+00
1.120366341521446207e+00
1.120043266128598836e+00
1.120314312441918592e+00
1.120040917986575346e+00
1.120098272318253541e+00
1.124686414813738544e+00
1.130782808704689169e+00
1.131033768698204822e+00
1.131528520961453177e+00
1.131623131265565796e+00
1.119205225648043811e+00
1.119246826899389591e+00
1.119187862518214560e+00
1.119266440800990248e+00
1.119214733443979037e+00
1.131349019582298165e+00
1.131015361978380929e+00
1.131255186936789947e+00
1.130453502636958873e+00
1.122028789996299070e+00
1.121136363989757800e+00
1.130772234071734772e+00
1.130467261093143883e+00
1.130496486737393891e+00
1.119999552044399938e+00
1.119878378405327446e+00
1.120067416661293169e+00
1.120136498385394086e+00
1.130223703508126176e+00
1.130235096857106214e+00
1.117030136794228357e+00
1.116713263677201473e+00
1.120858260522192174e+00
1.130581364357530649e+00
1.119731862791713439e+00
1.123715265156997045e+00
1.130424335405651792e+00
1.129446158015099178e+00
1.130718067027280282e+00
1.130580207166244966e+00
1.127537163444022550e+00
1.127648990025329701e+00
1.131126565192208000e+00
1.131337856701981393e+00
1.131153228596867288e+00
1.122382111994100873e+00
1.119518546313646779e+00
1.119597904026553792e+00
1.130683275725277381e+00
1.126377052580534333e+00
1.118966737511570608e+00
1.129962360627564388e+00
1.130319118194031303e+00
1.123656138408086980e+00
1.124278679990235341e+00
1.119518968057384045e+00
1.119473700470619448e+00
1.130744261680112439e+00
1.130758450713859720e+00
1.118716252313639137e+00
1.118710404680204107e+00
1.119368940478072449e+00
1.119321067667851999e+00
1.119147310354014602e+00
1.119142355191888649e+00
1.118970949540872395e+00
1.128642090447667723e+00
1.121613312906277971e+00
1.120547416754932080e+00
1.120485314572381430e+00
1.120352897513849477e+00
1.119263022125389195e+00
1.119916165263642682e+00
1.119507013206062940e+00
1.130067911361809285e+00
1.129744079249947131e+00
1.119242612011335014e+00
1.119021610839195713e+00
1.119050313575111755e+00
1.119023135360195820e+00
1.130002285955050478e+00
1.119042896618005267e+00
1.118786171067243540e+00
1.118472463808450224e+00
1.130000268787679119e+00
1.118616337354744417e+00
1.118855806327965663e+00
1.118604734700575865e+00
1.129910710671056639e+00
1.130032484244736457e+00
1.129976042915005863e+00
1.130016592745119119e+00
1.120263242431393191e+00
1.122020003501461582e+00
1.119310622457849957e+00
1.119276347174266606e+00
1.123987749472377784e+00
1.119373279980409475e+00
1.119702241826136202e+00
1.121964677923875220e+00
1.119252768802178721e+00
1.130770701840714487e+00
1.130765611201533183e+00
1.131633697334424760e+00
1.130979819237192041e+00
1.119961318512602944e+00
1.130929856846332848e+00
1.130563031883216052e+00
1.130860454883684918e+00
1.130846318592264144e+00
1.127919345649787797e+00
1.129261093230195190e+00
1.128787897483664704e+00
1.130808838590156240e+00
1.131156759235290021e+00
1.119004594242384076e+00
1.130542582041845767e+00
1.130742843778249629e+00
1.126501514220140443e+00
1.126859369151453016e+00
1.118619045316678662e+00
1.118634047722696589e+00
1.118557615898644997e+00
1.118764734075913259e+00
1.118819497953422282e+00
1.118738760650047404e+00
1.131670240515838310e+00
1.131848219582024528e+00
1.133142304740692774e+00
1.131763451847079383e+00
1.131955585330229441e+00
1.119630003092371373e+00
1.119750958386762640e+00
1.119687786716547784e+00
1.119725928086629185e+00
1.131262760105990361e+00
1.131165411040922164e+00
1.131149042785598136e+00
1.119091718204220820e+00
1.131054123461924243e+00
1.131054344084704066e+00
1.128876229548735122e+00
1.119168251944566039e+00
1.124318390101445742e+00
1.128065588498624150e+00
1.119108633465134561e+00
1.119118105772402672e+00
1.119076660879523066e+00
1.127957325038429159e+00
1.124297753210578454e+00
1.118765382482815429e+00
1.118304040927468268e+00
1.118349211197442017e+00
1.118317802137808403e+00
1.118761244244156128e+00
1.118275031196221958e+00
1.119427857575917562e+00
1.130528884942149537e+00
1.118790349947386797e+00
1.128597983725026843e+00
1.129772350377326706e+00
1.129586623113822519e+00
1.119415652965067620e+00
1.119510333173766359e+00
1.119575552240660743e+00
1.118380576845558805e+00
1.118315425372198968e+00
1.118347330307490450e+00
1.118463357161469496e+00
1.118448272039822777e+00
1.130826036284078517e+00
1.118908165013263067e+00
1.132083998883529175e+00
1.131512574971249796e+00
1.131547821742759030e+00
1.122769271737344310e+00
1.122229298056180991e+00
1.119529633903690424e+00
1.119647459141224211e+00
1.130985316131313922e+00
1.131061620934961987e+00
1.130900428086510479e+00
1.128769800140427382e+00
1.130690867407188716e+00
1.130878223546005756e+00
1.130280031106111638e+00
1.130343604205149788e+00
1.130207986790277674e+00
1.129875395688687778e+00
1.129828409697075209e+00
1.130216683782157228e+00
1.118497755974294128e+00
1.130851551014737000e+00
1.130856939923748250e+00
1.130982194499383420e+00
1.121510684832421667e+00
1.128800415926118461e+00
1.121010000177218080e+00
1.132011519011907330e+00
1.131167723340088305e+00
1.128136130275953608e+00
1.125033906164667030e+00
1.127386479629655103e+00
1.130202807070631366e+00
1.131228041407451812e+00
1.131290388560385995e+00
1.130760845914822843e+00
1.130857219621842935e+00
1.130829482975344691e+00
1.130809162504013532e+00
1.130636995582318338e+00
1.119112394806307531e+00
1.119176935034584597e+00
1.119376349346797195e+00
1.130032933315167520e+00
1.117538418289362401e+00
1.130243410673775539e+00
1.130211767168622483e+00
1.118936207065555521e+00
1.130381603754528230e+00
1.130370315894980049e+00
1.130300970807450511e+00
1.119425024267360014e+00
1.119432681074700175e+00
1.118765687462717873e+00
1.130775395741238531e+00
1.119525914619346141e+00
1.119622322322347596e+00
1.119514919454059232e+00
1.119397181610350733e+00
1.119360644700578167e+00
1.119425946330523391e+00
1.118530526687840698e+00
1.118689091306161565e+00
1.130975397185800757e+00
1.131200059598810537e+00
1.118482969581221731e+00
1.118563695827353488e+00
1.131238728319502673e+00
1.131092697419987303e+00
1.131311949609530743e+00
1.130914368842396156e+00
1.130888396033951304e+00
1.130886985546530221e+00
1.130876619078399425e+00
1.124409782301533767e+00
1.126285981724727714e+00
1.128875433100193781e+00
1.119332298921980939e+00
1.119455368327120004e+00
1.118953063574582352e+00
1.119002496824586634e+00
1.119604133660109024e+00
1.129985140508213526e+00
1.130416438880771590e+00
1.130695079302810990e+00
1.130716309936815378e+00
1.130743539378137541e+00
1.130706280997430202e+00
1.119797553568465220e+00
1.118712093328453117e+00
1.118704036403659785e+00
1.118857504813926873e+00
1.118808882163881524e+00
1.118812653485087960e+00
1.118864134858108095e+00
1.118897154359605350e+00
1.118655774679373938e+00
1.118719721364705988e+00
1.118724668458537685e+00
1.118689568511712862e+00
1.130071544428875585e+00
1.118858608359848406e+00
1.118532525260493626e+00
1.116425977467801589e+00
1.116673291875587282e+00
1.116507675621341455e+00
1.119493234879252341e+00
1.117222323140070861e+00
1.117068484822180796e+00
1.130531443137748226e+00
1.119772950906977149e+00
1.118457606579638997e+00
1.118438445385965929e+00
1.117400694462826305e+00
1.117304176094764845e+00
1.116655322485409885e+00
1.116343497291787834e+00
1.119811184635043588e+00
1.130263158488376218e+00
1.130178905058307759e+00
1.120147337126564890e+00
1.119938688817587069e+00
1.118771027337812640e+00
1.119745274796096757e+00
1.129916561040163137e+00
1.131304391721212887e+00
1.130649625518128421e+00
1.118807130645925296e+00
1.118815022155125405e+00
1.118721770175217234e+00
1.119419485031613704e+00
1.119589751573610181e+00
1.119325730575257749e+00
1.130665548583938085e+00
1.130751525330613294e+00
1.126115356310054105e+00
1.120452630767187818e+00
1.130937454397492825e+00
1.130953740956927689e+00
1.128609811995256784e+00
1.119044260592518159e+00
1.129704484533850417e+00
1.129100121623375141e+00
1.134169659567217492e+00
1.118622538371143005e+00
1.130549835607189246e+00
1.118631612653122831e+00
1.118609721177742378e+00
1.130678614231014567e+00
1.118641527887988207e+00
1.130574446361342078e+00
1.118734769319883249e+00
1.118901231483976133e+00
1.118707544448954039e+00
1.118735674836068394e+00
1.121389882965893481e+00
1.129873887130669718e+00
1.120143216079921622e+00
1.117646180071836248e+00
1.122442961600774503e+00
1.130037611871465453e+00
1.119047153071955014e+00
1.119542051548333195e+00
1.117817722454657270e+00
1.118365076358367460e+00
1.118995088129839166e+00
1.118977357709432852e+00
1.119201586068399923e+00
1.119129248785200703e+00
1.132955637305316454e+00
1.133764871558560428e+00
1.132777601607197537e+00
1.118915871202970536e+00
1.118985674306309797e+00
1.118934511127029019e+00
1.118886964087348446e+00
1.118907259444180236e+00
1.120122876242121368e+00
1.130262379027744624e+00
1.130235352642571467e+00
1.118915687663600611e+00
1.130804413305560807e+00
1.130730065737828971e+00
1.130704741969454696e+00
1.130757387348046761e+00
1.130631683013139765e+00
1.129414390362975640e+00
1.128027271224385952e+00
1.130007955978081791e+00
1.119699161870914894e+00
1.131444780063082689e+00
1.131339144522129692e+00
1.131247254551298598e+00
1.118932704044777626e+00
1.118887800498426621e+00
1.118950642315666544e+00
1.120674514838047031e+00
1.119812004016777829e+00
1.119077236834824962e+00
1.118651425506054453e+00
1.118721811523034404e+00
1.118542242394574782e+00
1.129578409799316452e+00
1.119713659488927204e+00
1.130223981912794828e+00
1.119757239089621992e+00
1.119727794274599120e+00
1.130674526918122424e+00
1.130633428540533503e+00
1.130609272455680214e+00
1.130661824251512959e+00
1.118580266365172937e+00
1.126577630062337576e+00
1.118845740451526849e+00
1.118657195613762534e+00
1.126423196716615172e+00
1.118942035959543002e+00
1.130283236488510923e+00
1.130249087184157952e+00
1.130286880382893600e+00
1.130449727712911967e+00
1.130378995576228451e+00
1.121835408511832055e+00
1.124564562277501789e+00
1.123833303364785818e+00
1.123108952557339002e+00
1.131238843432175178e+00
1.118756815341579891e+00
1.118857030828668941e+00
1.128025318893449702e+00
1.125823302134764781e+00
1.120700849443230229e+00
1.131358972680242658e+00
1.131117933837027190e+00
1.130934061030301141e+00
1.131012195732137515e+00
1.119812570937479768e+00
1.119614385154109160e+00
1.130756579762516090e+00
1.119180885287623939e+00
1.121019300140871255e+00
1.130363833061853063e+00
1.130374571960183872e+00
1.119042215852471323e+00
1.118867639855786855e+00
1.119079887501714721e+00
1.130477939315786884e+00
1.130513042765915133e+00
1.130833409952240354e+00
1.130208906265641078e+00
1.130796668111728076e+00
1.120078703329249192e+00
1.130288471159193175e+00
1.130023590929526422e+00
1.118841608286701650e+00
1.118588310656387863e+00
1.119742944772346149e+00
1.125640070247915236e+00
1.127333527583912698e+00
1.119578700304874941e+00
1.119655170741727712e+00
1.129645321384938894e+00
1.118606983508216857e+00
1.130303439824452028e+00
1.130054209071577054e+00
1.130109435385975303e+00
1.130412562204632598e+00
1.130321638856550681e+00
1.130396214099068430e+00
1.130438757128227056e+00
1.118940263679974567e+00
1.118875573104492593e+00
1.119284379692787379e+00
1.119314686550795690e+00
1.131783885577800630e+00
1.131722288160360135e+00
1.119118716554510007e+00
1.119072198649209371e+00
1.118965599579723413e+00
1.119039975536771037e+00
1.119443843124379168e+00
1.119545003525827864e+00
1.119662982238012194e+00
1.119032289564395821e+00
1.129811637554912984e+00
1.132422007584892754e+00
1.131954820442537368e+00
1.129487401296018323e+00
1.133082277736265464e+00
1.129462976414121522e+00
1.127229265043323769e+00
1.129735103917089090e+00
1.129482317590057905e+00
1.123546426837014778e+00
1.119565575819677639e+00
1.118892164162368363e+00
1.131660754730944740e+00
1.130856604307419300e+00
1.132073178451764806e+00
1.130739416194966873e+00
1.130128243204534533e+00
1.130002010081224029e+00
1.130962471563796701e+00
1.129653208253496244e+00
1.129499329054520107e+00
1.129963950529052186e+00
1.129952652418151127e+00
1.120125417550581925e+00
1.123261080084062780e+00
1.121519992539157240e+00
1.120033339921956417e+00
1.128927760428265259e+00
1.129266736737654542e+00
1.117468930611968725e+00
1.117965715163453888e+00
1.130028098070929188e+00
1.130006625513955143e+00
1.118980985147723484e+00
1.119017648930412223e+00
1.133164634391587100e+00
1.132954569704207826e+00
1.133417791184304635e+00
1.118944150235040569e+00
1.118932025703325506e+00
1.119014275733869690e+00
1.118348612492386707e+00
1.120668361185676698e+00
1.131006031755196428e+00
1.129904487977759109e+00
1.130671111211927649e+00
1.128751525816180878e+00
1.130543285229969053e+00
1.130611582597214060e+00
1.130643202032751038e+00
1.130783176102341692e+00
1.131789775636829365e+00
1.127665126689792574e+00
1.118916071644698196e+00
1.118919059604125632e+00
1.118859401095308348e+00
1.118657061302440914e+00
1.118941178985938256e+00
1.118916012130839022e+00
1.118985342953624951e+00
1.120305523183338536e+00
1.120139172310342435e+00
1.120444471872832803e+00
1.121133564734916099e+00
1.128603873269812485e+00
1.117146543864016017e+00
1.119486086097198241e+00
1.131162260715335099e+00
1.131581993534551467e+00
1.130220020153125837e+00
1.131780939506222827e+00
1.130422663373291225e+00
1.119515011886321965e+00
1.130791221821225712e+00
1.119307002568033393e+00
1.129587597528320941e+00
1.130828802623983664e+00
1.130893551950149956e+00
1.129137824313931837e+00
1.123932095151715993e+00
1.130375711895776014e+00
1.130464256867184769e+00
1.130341495262849438e+00
1.130496608579583784e+00
1.120082813770991281e+00
1.120124142389250732e+00
1.129422067845490929e+00
1.120077056126875581e+00
1.130457843431972975e+00
1.119289335649733541e+00
1.131116504702020187e+00
1.131081821394292364e+00
1.130642726004596588e+00
1.131873299678869182e+00
1.131737813340791599e+00
1.130566538637151064e+00
1.131419986229496466e+00
1.131189164831455152e+00
1.130972758456771032e+00
1.118954072305382352e+00
1.118963560283977809e+00
1.127892828501031897e+00
1.124148459209127981e+00
1.127400535890322963e+00
1.126344258144091892e+00
1.125900867586030474e+00
1.123536486617373154e+00
1.124699630471024170e+00
1.130786444532261736e+00
1.130852778228313538e+00
1.129131894395601465e+00
1.128568046633104949e+00
1.128348402591383914e+00
1.125391234529692586e+00
1.125846901005353118e+00
1.126192630058650446e+00
1.119883716160520404e+00
1.119822734464314795e+00
1.119338625212238814e+00
1.119556938584939987e+00
1.130811357448913590e+00
1.118927196138676861e+00
1.118953743706797344e+00
1.118944614832953599e+00
1.130858021546724101e+00
1.131153527889905419e+00
1.130974320023378610e+00
1.118033889944563875e+00
1.119272030254899963e+00
1.120465382287291201e+00
1.120885929694617866e+00
1.129233986333032735e+00
1.129252520046004848e+00
1.128926213087039887e+00
1.124061216484504300e+00
1.121745775147208191e+00
1.119110995877375281e+00
1.124290285679067081e+00
1.120241257673655566e+00
1.118609720645429073e+00
1.118611481361301507e+00
1.119568016890941209e+00
1.118295224876701077e+00
1.130815377942365307e+00
1.130806585546173970e+00
1.130551516142475066e+00
1.130570580932071190e+00
1.130514563729694055e+00
1.131166202266669751e+00
1.118882539744962656e+00
1.118912666581039161e+00
1.118844887369976560e+00
1.118909333932658345e+00
1.119227732126492292e+00
1.119105874415971202e+00
1.119175037501318082e+00
1.130827887633600426e+00
1.130775483580133800e+00
1.117974502294790673e+00
1.118279574042018387e+00
1.118108170635197407e+00
1.131024822567819887e+00
1.129797078741308081e+00
1.130654920280137032e+00
1.130388943281320335e+00
1.130404728175283369e+00
1.117951883149873593e+00
1.118235969347062930e+00
1.131064110404989220e+00
1.131851676763676595e+00
1.131364094284799116e+00
1.131847410254207320e+00
1.132176611532006660e+00
1.131423854835576615e+00
1.132412492491682965e+00
1.118285639063476111e+00
1.118230668193969768e+00
1.118196404793103005e+00
1.118165954417287500e+00
1.118181101651884113e+00
1.130516708100609113e+00
1.118601354690751393e+00
1.118612499312320541e+00
1.118523281431027305e+00
1.119088867137589371e+00
1.118983002393088677e+00
1.119069359778378958e+00
1.118898308256761398e+00
1.118848338359203609e+00
1.118819411762683735e+00
1.120239193150370127e+00
1.119409843506596891e+00
1.118370696935248043e+00
1.118167259160899318e+00
1.118373718065142075e+00
1.118855343839644023e+00
1.118836229515570935e+00
1.131574260724893977e+00
1.131031326323600483e+00
1.130320176730915671e+00
1.119177719156483564e+00
1.119174258164492120e+00
1.118996420085972998e+00
1.120173384173120512e+00
1.120018478247132077e+00
1.119946702603013655e+00
1.119252473836797268e+00
1.124834212796601784e+00
1.124774636919855242e+00
1.125277039159109815e+00
1.125808878215408093e+00
1.125402627704600533e+00
1.117336456721031990e+00
1.116282735833098894e+00
1.121650007849230191e+00
1.119213923075562889e+00
1.119569793135839486e+00
1.119568716396789121e+00
1.119705068709077711e+00
1.130462348375043335e+00
1.130946206428666168e+00
1.119641335653634995e+00
1.128903008352491355e+00
1.128936493709769229e+00
1.129168154852110861e+00
1.129099473927762443e+00
1.127096984168829419e+00
1.128239819572744551e+00
1.127623557991887404e+00
1.123063045820473338e+00
1.128469507678667494e+00
1.128355078552685686e+00
1.128557533311904448e+00
1.128276442617652808e+00
1.128867153563278158e+00
1.119421548501975394e+00
1.119526459546516417e+00
1.119360954451701140e+00
1.119502850062107147e+00
1.119402066158126763e+00
1.119384178035017552e+00
1.130585027636038964e+00
1.119332388594274530e+00
1.119237912398006518e+00
1.130750997997350904e+00
1.130915415684057512e+00
1.118102702426080786e+00
1.118612098600568316e+00
1.118786947543432886e+00
1.119143800653938925e+00
1.119145036437609875e+00
1.119303440126208748e+00
1.119206635538145367e+00
1.119349306464286764e+00
1.129936233354897679e+00
1.116663858103171814e+00
1.125048233439203571e+00
1.118520261470820509e+00
1.118329048645235524e+00
1.118824889511248921e+00
1.119099143697586118e+00
1.120819741706759354e+00
1.118677801945990202e+00
1.118656901029216000e+00
1.118547493700354112e+00
1.118673737887249553e+00
1.122433434484623627e+00
1.119232784504210487e+00
1.131240496013160568e+00
1.131392329370644934e+00
1.130987296652921525e+00
1.131042182560993536e+00
1.131248377689233253e+00
1.131319345203287252e+00
1.131469078030804098e+00
1.118485635653198917e+00
1.118563720201794842e+00
1.118425505194750702e+00
1.130324681546410526e+00
1.119476289535682900e+00
1.119027657494987560e+00
1.130653139798103002e+00
1.119354214155498406e+00
1.119114447718752015e+00
1.119126683293605762e+00
1.130536444104841998e+00
1.130487468075275892e+00
1.119016840101277444e+00
1.118962191023136210e+00
1.119041866848915934e+00
1.119054384126299428e+00
1.119037857018457593e+00
1.131769253881505177e+00
1.125542570460915215e+00
1.134114537831469871e+00
1.132893191344422457e+00
1.119489201616524765e+00
1.131256692443741274e+00
1.120256933527060905e+00
1.119993096926643616e+00
1.130768896238303567e+00
1.129849464689562044e+00
1.118510567152459556e+00
1.118198893906155122e+00
1.130499232897159256e+00
1.130912382212168721e+00
1.130853964268639933e+00
1.119993227129262747e+00
1.120021568630143571e+00
1.120051990148073440e+00
1.119833750563470343e+00
1.120067669375068631e+00
